symbol,date,year,consecutive_run_length,run_start,run_end,same_price_as_previous,return_zero,return_nonzero,ohlc_present,ohlc_flat,observed_life_position,possible_suspension,category
TUPRS.IS,2018-04-23,2018,1,2018-04-23,2018-04-23,True,True,False,True,True,POST_FIRST_POSITIVE_VOLUME,False,UNKNOWN
TUPRS.IS,2018-05-01,2018,1,2018-05-01,2018-05-01,True,True,False,True,True,POST_FIRST_POSITIVE_VOLUME,False,UNKNOWN
TUPRS.IS,2018-06-15,2018,1,2018-06-15,2018-06-15,True,True,False,True,True,POST_FIRST_POSITIVE_VOLUME,False,UNKNOWN
TUPRS.IS,2018-08-21,2018,4,2018-08-21,2018-08-24,True,True,False,True,True,POST_FIRST_POSITIVE_VOLUME,True,LEGITIMATE_NO_TRADE / SUSPENSION
TUPRS.IS,2018-08-22,2018,4,2018-08-21,2018-08-24,True,True,False,True,True,POST_FIRST_POSITIVE_VOLUME,True,LEGITIMATE_NO_TRADE / SUSPENSION
TUPRS.IS,2018-08-23,2018,4,2018-08-21,2018-08-24,True,True,False,True,True,POST_FIRST_POSITIVE_VOLUME,True,LEGITIMATE_NO_TRADE / SUSPENSION
TUPRS.IS,2018-08-24,2018,4,2018-08-21,2018-08-24,True,True,False,True,True,POST_FIRST_POSITIVE_VOLUME,True,LEGITIMATE_NO_TRADE / SUSPENSION
TUPRS.IS,2018-08-30,2018,1,2018-08-30,2018-08-30,True,True,False,True,True,POST_FIRST_POSITIVE_VOLUME,False,UNKNOWN
TUPRS.IS,2018-10-29,2018,1,2018-10-29,2018-10-29,True,True,False,True,True,POST_FIRST_POSITIVE_VOLUME,False,UNKNOWN
TUPRS.IS,2019-01-01,2019,1,2019-01-01,2019-01-01,True,True,False,True,True,POST_FIRST_POSITIVE_VOLUME,False,UNKNOWN
TUPRS.IS,2019-04-23,2019,1,2019-04-23,2019-04-23,True,True,False,True,True,POST_FIRST_POSITIVE_VOLUME,False,UNKNOWN
TUPRS.IS,2019-05-01,2019,1,2019-05-01,2019-05-01,True,True,False,True,True,POST_FIRST_POSITIVE_VOLUME,False,UNKNOWN
TUPRS.IS,2019-06-04,2019,3,2019-06-04,2019-06-06,True,True,False,True,True,POST_FIRST_POSITIVE_VOLUME,True,LEGITIMATE_NO_TRADE / SUSPENSION
TUPRS.IS,2019-06-05,2019,3,2019-06-04,2019-06-06,True,True,False,True,True,POST_FIRST_POSITIVE_VOLUME,True,LEGITIMATE_NO_TRADE / SUSPENSION
TUPRS.IS,2019-06-06,2019,3,2019-06-04,2019-06-06,True,True,False,True,True,POST_FIRST_POSITIVE_VOLUME,True,LEGITIMATE_NO_TRADE / SUSPENSION
TUPRS.IS,2019-07-15,2019,1,2019-07-15,2019-07-15,True,True,False,True,True,POST_FIRST_POSITIVE_VOLUME,False,UNKNOWN
TUPRS.IS,2019-08-12,2019,3,2019-08-12,2019-08-14,True,True,False,True,True,POST_FIRST_POSITIVE_VOLUME,True,LEGITIMATE_NO_TRADE / SUSPENSION
TUPRS.IS,2019-08-13,2019,3,2019-08-12,2019-08-14,True,True,False,True,True,POST_FIRST_POSITIVE_VOLUME,True,LEGITIMATE_NO_TRADE / SUSPENSION
TUPRS.IS,2019-08-14,2019,3,2019-08-12,2019-08-14,True,True,False,True,True,POST_FIRST_POSITIVE_VOLUME,True,LEGITIMATE_NO_TRADE / SUSPENSION
TUPRS.IS,2019-08-30,2019,1,2019-08-30,2019-08-30,True,True,False,True,True,POST_FIRST_POSITIVE_VOLUME,False,UNKNOWN
TUPRS.IS,2020-03-11,2020,1,2020-03-11,2020-03-11,True,True,False,True,True,POST_FIRST_POSITIVE_VOLUME,False,UNKNOWN
TUPRS.IS,2026-05-27,2026,3,2026-05-27,2026-05-29,True,True,False,True,True,POST_FIRST_POSITIVE_VOLUME,True,LEGITIMATE_NO_TRADE / SUSPENSION
TUPRS.IS,2026-05-28,2026,3,2026-05-27,2026-05-29,True,True,False,True,True,POST_FIRST_POSITIVE_VOLUME,True,LEGITIMATE_NO_TRADE / SUSPENSION
TUPRS.IS,2026-05-29,2026,3,2026-05-27,2026-05-29,True,True,False,True,True,POST_FIRST_POSITIVE_VOLUME,True,LEGITIMATE_NO_TRADE / SUSPENSION
MGROS.IS,2018-04-23,2018,1,2018-04-23,2018-04-23,True,True,False,True,True,POST_FIRST_POSITIVE_VOLUME,False,UNKNOWN
MGROS.IS,2018-05-01,2018,1,2018-05-01,2018-05-01,True,True,False,True,True,POST_FIRST_POSITIVE_VOLUME,False,UNKNOWN
MGROS.IS,2018-06-15,2018,1,2018-06-15,2018-06-15,True,True,False,True,True,POST_FIRST_POSITIVE_VOLUME,False,UNKNOWN
MGROS.IS,2018-08-21,2018,4,2018-08-21,2018-08-24,True,True,False,True,True,POST_FIRST_POSITIVE_VOLUME,True,LEGITIMATE_NO_TRADE / SUSPENSION
MGROS.IS,2018-08-22,2018,4,2018-08-21,2018-08-24,True,True,False,True,True,POST_FIRST_POSITIVE_VOLUME,True,LEGITIMATE_NO_TRADE / SUSPENSION
MGROS.IS,2018-08-23,2018,4,2018-08-21,2018-08-24,True,True,False,True,True,POST_FIRST_POSITIVE_VOLUME,True,LEGITIMATE_NO_TRADE / SUSPENSION
MGROS.IS,2018-08-24,2018,4,2018-08-21,2018-08-24,True,True,False,True,True,POST_FIRST_POSITIVE_VOLUME,True,LEGITIMATE_NO_TRADE / SUSPENSION
MGROS.IS,2018-08-30,2018,1,2018-08-30,2018-08-30,True,True,False,True,True,POST_FIRST_POSITIVE_VOLUME,False,UNKNOWN
MGROS.IS,2018-10-29,2018,1,2018-10-29,2018-10-29,True,True,False,True,True,POST_FIRST_POSITIVE_VOLUME,False,UNKNOWN
MGROS.IS,2019-01-01,2019,1,2019-01-01,2019-01-01,True,True,False,True,True,POST_FIRST_POSITIVE_VOLUME,False,UNKNOWN
MGROS.IS,2019-04-23,2019,1,2019-04-23,2019-04-23,True,True,False,True,True,POST_FIRST_POSITIVE_VOLUME,False,UNKNOWN
MGROS.IS,2019-05-01,2019,1,2019-05-01,2019-05-01,True,True,False,True,True,POST_FIRST_POSITIVE_VOLUME,False,UNKNOWN
MGROS.IS,2019-06-04,2019,3,2019-06-04,2019-06-06,True,True,False,True,True,POST_FIRST_POSITIVE_VOLUME,True,LEGITIMATE_NO_TRADE / SUSPENSION
MGROS.IS,2019-06-05,2019,3,2019-06-04,2019-06-06,True,True,False,True,True,POST_FIRST_POSITIVE_VOLUME,True,LEGITIMATE_NO_TRADE / SUSPENSION
MGROS.IS,2019-06-06,2019,3,2019-06-04,2019-06-06,True,True,False,True,True,POST_FIRST_POSITIVE_VOLUME,True,LEGITIMATE_NO_TRADE / SUSPENSION
MGROS.IS,2019-07-15,2019,1,2019-07-15,2019-07-15,True,True,False,True,True,POST_FIRST_POSITIVE_VOLUME,False,UNKNOWN
MGROS.IS,2019-08-12,2019,3,2019-08-12,2019-08-14,True,True,False,True,True,POST_FIRST_POSITIVE_VOLUME,True,LEGITIMATE_NO_TRADE / SUSPENSION
MGROS.IS,2019-08-13,2019,3,2019-08-12,2019-08-14,True,True,False,True,True,POST_FIRST_POSITIVE_VOLUME,True,LEGITIMATE_NO_TRADE / SUSPENSION
MGROS.IS,2019-08-14,2019,3,2019-08-12,2019-08-14,True,True,False,True,True,POST_FIRST_POSITIVE_VOLUME,True,LEGITIMATE_NO_TRADE / SUSPENSION
MGROS.IS,2019-08-30,2019,1,2019-08-30,2019-08-30,True,True,False,True,True,POST_FIRST_POSITIVE_VOLUME,False,UNKNOWN
MGROS.IS,2020-03-11,2020,1,2020-03-11,2020-03-11,True,True,False,True,True,POST_FIRST_POSITIVE_VOLUME,False,UNKNOWN
MGROS.IS,2026-05-27,2026,3,2026-05-27,2026-05-29,True,True,False,True,True,POST_FIRST_POSITIVE_VOLUME,True,LEGITIMATE_NO_TRADE / SUSPENSION
MGROS.IS,2026-05-28,2026,3,2026-05-27,2026-05-29,True,True,False,True,True,POST_FIRST_POSITIVE_VOLUME,True,LEGITIMATE_NO_TRADE / SUSPENSION
MGROS.IS,2026-05-29,2026,3,2026-05-27,2026-05-29,True,True,False,True,True,POST_FIRST_POSITIVE_VOLUME,True,LEGITIMATE_NO_TRADE / SUSPENSION
SAHOL.IS,2018-04-23,2018,1,2018-04-23,2018-04-23,True,True,False,True,True,POST_FIRST_POSITIVE_VOLUME,False,UNKNOWN
SAHOL.IS,2018-05-01,2018,1,2018-05-01,2018-05-01,True,True,False,True,True,POST_FIRST_POSITIVE_VOLUME,False,UNKNOWN
SAHOL.IS,2018-06-15,2018,1,2018-06-15,2018-06-15,True,True,False,True,True,POST_FIRST_POSITIVE_VOLUME,False,UNKNOWN
SAHOL.IS,2018-08-21,2018,4,2018-08-21,2018-08-24,True,True,False,True,True,POST_FIRST_POSITIVE_VOLUME,True,LEGITIMATE_NO_TRADE / SUSPENSION
SAHOL.IS,2018-08-22,2018,4,2018-08-21,2018-08-24,True,True,False,True,True,POST_FIRST_POSITIVE_VOLUME,True,LEGITIMATE_NO_TRADE / SUSPENSION
SAHOL.IS,2018-08-23,2018,4,2018-08-21,2018-08-24,True,True,False,True,True,POST_FIRST_POSITIVE_VOLUME,True,LEGITIMATE_NO_TRADE / SUSPENSION
SAHOL.IS,2018-08-24,2018,4,2018-08-21,2018-08-24,True,True,False,True,True,POST_FIRST_POSITIVE_VOLUME,True,LEGITIMATE_NO_TRADE / SUSPENSION
SAHOL.IS,2018-08-30,2018,1,2018-08-30,2018-08-30,True,True,False,True,True,POST_FIRST_POSITIVE_VOLUME,False,UNKNOWN
SAHOL.IS,2018-10-29,2018,1,2018-10-29,2018-10-29,True,True,False,True,True,POST_FIRST_POSITIVE_VOLUME,False,UNKNOWN
SAHOL.IS,2019-01-01,2019,1,2019-01-01,2019-01-01,True,True,False,True,True,POST_FIRST_POSITIVE_VOLUME,False,UNKNOWN
SAHOL.IS,2019-04-23,2019,1,2019-04-23,2019-04-23,True,True,False,True,True,POST_FIRST_POSITIVE_VOLUME,False,UNKNOWN
SAHOL.IS,2019-05-01,2019,1,2019-05-01,2019-05-01,True,True,False,True,True,POST_FIRST_POSITIVE_VOLUME,False,UNKNOWN
SAHOL.IS,2019-06-04,2019,3,2019-06-04,2019-06-06,True,True,False,True,True,POST_FIRST_POSITIVE_VOLUME,True,LEGITIMATE_NO_TRADE / SUSPENSION
SAHOL.IS,2019-06-05,2019,3,2019-06-04,2019-06-06,True,True,False,True,True,POST_FIRST_POSITIVE_VOLUME,True,LEGITIMATE_NO_TRADE / SUSPENSION
SAHOL.IS,2019-06-06,2019,3,2019-06-04,2019-06-06,True,True,False,True,True,POST_FIRST_POSITIVE_VOLUME,True,LEGITIMATE_NO_TRADE / SUSPENSION
SAHOL.IS,2019-07-15,2019,1,2019-07-15,2019-07-15,True,True,False,True,True,POST_FIRST_POSITIVE_VOLUME,False,UNKNOWN
SAHOL.IS,2019-08-12,2019,3,2019-08-12,2019-08-14,True,True,False,True,True,POST_FIRST_POSITIVE_VOLUME,True,LEGITIMATE_NO_TRADE / SUSPENSION
SAHOL.IS,2019-08-13,2019,3,2019-08-12,2019-08-14,True,True,False,True,True,POST_FIRST_POSITIVE_VOLUME,True,LEGITIMATE_NO_TRADE / SUSPENSION
SAHOL.IS,2019-08-14,2019,3,2019-08-12,2019-08-14,True,True,False,True,True,POST_FIRST_POSITIVE_VOLUME,True,LEGITIMATE_NO_TRADE / SUSPENSION
SAHOL.IS,2019-08-30,2019,1,2019-08-30,2019-08-30,True,True,False,True,False,POST_FIRST_POSITIVE_VOLUME,False,MISSING_VOLUME_ONLY
SAHOL.IS,2020-03-11,2020,1,2020-03-11,2020-03-11,True,True,False,True,True,POST_FIRST_POSITIVE_VOLUME,False,UNKNOWN
SAHOL.IS,2026-05-27,2026,3,2026-05-27,2026-05-29,True,True,False,True,True,POST_FIRST_POSITIVE_VOLUME,True,LEGITIMATE_NO_TRADE / SUSPENSION
SAHOL.IS,2026-05-28,2026,3,2026-05-27,2026-05-29,True,True,False,True,True,POST_FIRST_POSITIVE_VOLUME,True,LEGITIMATE_NO_TRADE / SUSPENSION
SAHOL.IS,2026-05-29,2026,3,2026-05-27,2026-05-29,True,True,False,True,True,POST_FIRST_POSITIVE_VOLUME,True,LEGITIMATE_NO_TRADE / SUSPENSION
TERA.IS,2024-04-09,2024,1,2024-04-09,2024-04-09,True,True,False,True,True,POST_FIRST_POSITIVE_VOLUME,False,UNKNOWN
TERA.IS,2026-05-27,2026,3,2026-05-27,2026-05-29,True,True,False,True,True,POST_FIRST_POSITIVE_VOLUME,True,LEGITIMATE_NO_TRADE / SUSPENSION
TERA.IS,2026-05-28,2026,3,2026-05-27,2026-05-29,True,True,False,True,True,POST_FIRST_POSITIVE_VOLUME,True,LEGITIMATE_NO_TRADE / SUSPENSION
TERA.IS,2026-05-29,2026,3,2026-05-27,2026-05-29,True,True,False,True,True,POST_FIRST_POSITIVE_VOLUME,True,LEGITIMATE_NO_TRADE / SUSPENSION
FORTE.IS,2026-05-27,2026,3,2026-05-27,2026-05-29,True,True,False,True,True,POST_FIRST_POSITIVE_VOLUME,True,LEGITIMATE_NO_TRADE / SUSPENSION
FORTE.IS,2026-05-28,2026,3,2026-05-27,2026-05-29,True,True,False,True,True,POST_FIRST_POSITIVE_VOLUME,True,LEGITIMATE_NO_TRADE / SUSPENSION
FORTE.IS,2026-05-29,2026,3,2026-05-27,2026-05-29,True,True,False,True,True,POST_FIRST_POSITIVE_VOLUME,True,LEGITIMATE_NO_TRADE / SUSPENSION
TUREX.IS,2023-02-08,2023,1,2023-02-08,2023-02-08,True,True,False,True,True,POST_FIRST_POSITIVE_VOLUME,False,UNKNOWN
TUREX.IS,2024-04-09,2024,1,2024-04-09,2024-04-09,True,True,False,True,True,POST_FIRST_POSITIVE_VOLUME,False,UNKNOWN
TUREX.IS,2026-05-27,2026,3,2026-05-27,2026-05-29,True,True,False,True,True,POST_FIRST_POSITIVE_VOLUME,True,LEGITIMATE_NO_TRADE / SUSPENSION
TUREX.IS,2026-05-28,2026,3,2026-05-27,2026-05-29,True,True,False,True,True,POST_FIRST_POSITIVE_VOLUME,True,LEGITIMATE_NO_TRADE / SUSPENSION
TUREX.IS,2026-05-29,2026,3,2026-05-27,2026-05-29,True,True,False,True,True,POST_FIRST_POSITIVE_VOLUME,True,LEGITIMATE_NO_TRADE / SUSPENSION
THYAO.IS,2018-04-23,2018,1,2018-04-23,2018-04-23,True,True,False,True,True,POST_FIRST_POSITIVE_VOLUME,False,UNKNOWN
THYAO.IS,2018-05-01,2018,1,2018-05-01,2018-05-01,True,True,False,True,True,POST_FIRST_POSITIVE_VOLUME,False,UNKNOWN
THYAO.IS,2018-06-15,2018,1,2018-06-15,2018-06-15,True,True,False,True,True,POST_FIRST_POSITIVE_VOLUME,False,UNKNOWN
THYAO.IS,2018-08-21,2018,4,2018-08-21,2018-08-24,True,True,False,True,True,POST_FIRST_POSITIVE_VOLUME,True,LEGITIMATE_NO_TRADE / SUSPENSION
THYAO.IS,2018-08-22,2018,4,2018-08-21,2018-08-24,True,True,False,True,True,POST_FIRST_POSITIVE_VOLUME,True,LEGITIMATE_NO_TRADE / SUSPENSION
THYAO.IS,2018-08-23,2018,4,2018-08-21,2018-08-24,True,True,False,True,True,POST_FIRST_POSITIVE_VOLUME,True,LEGITIMATE_NO_TRADE / SUSPENSION
THYAO.IS,2018-08-24,2018,4,2018-08-21,2018-08-24,True,True,False,True,True,POST_FIRST_POSITIVE_VOLUME,True,LEGITIMATE_NO_TRADE / SUSPENSION
THYAO.IS,2018-08-30,2018,1,2018-08-30,2018-08-30,True,True,False,True,True,POST_FIRST_POSITIVE_VOLUME,False,UNKNOWN
THYAO.IS,2018-10-29,2018,1,2018-10-29,2018-10-29,True,True,False,True,True,POST_FIRST_POSITIVE_VOLUME,False,UNKNOWN
THYAO.IS,2019-01-01,2019,1,2019-01-01,2019-01-01,True,True,False,True,True,POST_FIRST_POSITIVE_VOLUME,False,UNKNOWN
THYAO.IS,2019-04-23,2019,1,2019-04-23,2019-04-23,True,True,False,True,True,POST_FIRST_POSITIVE_VOLUME,False,UNKNOWN
THYAO.IS,2019-05-01,2019,1,2019-05-01,2019-05-01,True,True,False,True,True,POST_FIRST_POSITIVE_VOLUME,False,UNKNOWN
THYAO.IS,2019-06-04,2019,3,2019-06-04,2019-06-06,True,True,False,True,True,POST_FIRST_POSITIVE_VOLUME,True,LEGITIMATE_NO_TRADE / SUSPENSION
THYAO.IS,2019-06-05,2019,3,2019-06-04,2019-06-06,True,True,False,True,True,POST_FIRST_POSITIVE_VOLUME,True,LEGITIMATE_NO_TRADE / SUSPENSION
THYAO.IS,2019-06-06,2019,3,2019-06-04,2019-06-06,True,True,False,True,True,POST_FIRST_POSITIVE_VOLUME,True,LEGITIMATE_NO_TRADE / SUSPENSION
THYAO.IS,2019-07-15,2019,1,2019-07-15,2019-07-15,True,True,False,True,True,POST_FIRST_POSITIVE_VOLUME,False,UNKNOWN
THYAO.IS,2019-08-12,2019,3,2019-08-12,2019-08-14,True,True,False,True,True,POST_FIRST_POSITIVE_VOLUME,True,LEGITIMATE_NO_TRADE / SUSPENSION
THYAO.IS,2019-08-13,2019,3,2019-08-12,2019-08-14,True,True,False,True,True,POST_FIRST_POSITIVE_VOLUME,True,LEGITIMATE_NO_TRADE / SUSPENSION
THYAO.IS,2019-08-14,2019,3,2019-08-12,2019-08-14,True,True,False,True,True,POST_FIRST_POSITIVE_VOLUME,True,LEGITIMATE_NO_TRADE / SUSPENSION
THYAO.IS,2019-08-30,2019,1,2019-08-30,2019-08-30,True,True,False,True,True,POST_FIRST_POSITIVE_VOLUME,False,UNKNOWN
THYAO.IS,2020-03-11,2020,1,2020-03-11,2020-03-11,True,True,False,True,True,POST_FIRST_POSITIVE_VOLUME,False,UNKNOWN
THYAO.IS,2026-05-27,2026,3,2026-05-27,2026-05-29,True,True,False,True,True,POST_FIRST_POSITIVE_VOLUME,True,LEGITIMATE_NO_TRADE / SUSPENSION
THYAO.IS,2026-05-28,2026,3,2026-05-27,2026-05-29,True,True,False,True,True,POST_FIRST_POSITIVE_VOLUME,True,LEGITIMATE_NO_TRADE / SUSPENSION
THYAO.IS,2026-05-29,2026,3,2026-05-27,2026-05-29,True,True,False,True,True,POST_FIRST_POSITIVE_VOLUME,True,LEGITIMATE_NO_TRADE / SUSPENSION
ASELS.IS,2018-04-23,2018,1,2018-04-23,2018-04-23,True,True,False,True,True,POST_FIRST_POSITIVE_VOLUME,False,UNKNOWN
ASELS.IS,2018-05-01,2018,1,2018-05-01,2018-05-01,True,True,False,True,True,POST_FIRST_POSITIVE_VOLUME,False,UNKNOWN
ASELS.IS,2018-05-23,2018,11,2018-05-23,2018-06-06,True,True,False,True,True,POST_FIRST_POSITIVE_VOLUME,True,LEGITIMATE_NO_TRADE / SUSPENSION
ASELS.IS,2018-05-24,2018,11,2018-05-23,2018-06-06,True,True,False,True,True,POST_FIRST_POSITIVE_VOLUME,True,LEGITIMATE_NO_TRADE / SUSPENSION
ASELS.IS,2018-05-25,2018,11,2018-05-23,2018-06-06,True,True,False,True,True,POST_FIRST_POSITIVE_VOLUME,True,LEGITIMATE_NO_TRADE / SUSPENSION
ASELS.IS,2018-05-28,2018,11,2018-05-23,2018-06-06,True,True,False,True,True,POST_FIRST_POSITIVE_VOLUME,True,LEGITIMATE_NO_TRADE / SUSPENSION
ASELS.IS,2018-05-29,2018,11,2018-05-23,2018-06-06,True,True,False,True,True,POST_FIRST_POSITIVE_VOLUME,True,LEGITIMATE_NO_TRADE / SUSPENSION
ASELS.IS,2018-05-30,2018,11,2018-05-23,2018-06-06,True,True,False,True,True,POST_FIRST_POSITIVE_VOLUME,True,LEGITIMATE_NO_TRADE / SUSPENSION
ASELS.IS,2018-05-31,2018,11,2018-05-23,2018-06-06,True,True,False,True,True,POST_FIRST_POSITIVE_VOLUME,True,LEGITIMATE_NO_TRADE / SUSPENSION
ASELS.IS,2018-06-01,2018,11,2018-05-23,2018-06-06,True,True,False,True,True,POST_FIRST_POSITIVE_VOLUME,True,LEGITIMATE_NO_TRADE / SUSPENSION
ASELS.IS,2018-06-04,2018,11,2018-05-23,2018-06-06,True,True,False,True,True,POST_FIRST_POSITIVE_VOLUME,True,LEGITIMATE_NO_TRADE / SUSPENSION
ASELS.IS,2018-06-05,2018,11,2018-05-23,2018-06-06,True,True,False,True,True,POST_FIRST_POSITIVE_VOLUME,True,LEGITIMATE_NO_TRADE / SUSPENSION
ASELS.IS,2018-06-06,2018,11,2018-05-23,2018-06-06,True,True,False,True,True,POST_FIRST_POSITIVE_VOLUME,True,LEGITIMATE_NO_TRADE / SUSPENSION
ASELS.IS,2018-06-15,2018,1,2018-06-15,2018-06-15,True,True,False,True,True,POST_FIRST_POSITIVE_VOLUME,False,UNKNOWN
ASELS.IS,2018-08-21,2018,4,2018-08-21,2018-08-24,True,True,False,True,True,POST_FIRST_POSITIVE_VOLUME,True,LEGITIMATE_NO_TRADE / SUSPENSION
ASELS.IS,2018-08-22,2018,4,2018-08-21,2018-08-24,True,True,False,True,True,POST_FIRST_POSITIVE_VOLUME,True,LEGITIMATE_NO_TRADE / SUSPENSION
ASELS.IS,2018-08-23,2018,4,2018-08-21,2018-08-24,True,True,False,True,True,POST_FIRST_POSITIVE_VOLUME,True,LEGITIMATE_NO_TRADE / SUSPENSION
ASELS.IS,2018-08-24,2018,4,2018-08-21,2018-08-24,True,True,False,True,True,POST_FIRST_POSITIVE_VOLUME,True,LEGITIMATE_NO_TRADE / SUSPENSION
ASELS.IS,2018-08-30,2018,1,2018-08-30,2018-08-30,True,True,False,True,True,POST_FIRST_POSITIVE_VOLUME,False,UNKNOWN
ASELS.IS,2018-10-29,2018,1,2018-10-29,2018-10-29,True,True,False,True,True,POST_FIRST_POSITIVE_VOLUME,False,UNKNOWN
ASELS.IS,2019-01-01,2019,1,2019-01-01,2019-01-01,True,True,False,True,True,POST_FIRST_POSITIVE_VOLUME,False,UNKNOWN
ASELS.IS,2019-04-23,2019,1,2019-04-23,2019-04-23,True,True,False,True,True,POST_FIRST_POSITIVE_VOLUME,False,UNKNOWN
ASELS.IS,2019-05-01,2019,1,2019-05-01,2019-05-01,True,True,False,True,True,POST_FIRST_POSITIVE_VOLUME,False,UNKNOWN
ASELS.IS,2019-06-04,2019,3,2019-06-04,2019-06-06,True,True,False,True,True,POST_FIRST_POSITIVE_VOLUME,True,LEGITIMATE_NO_TRADE / SUSPENSION
ASELS.IS,2019-06-05,2019,3,2019-06-04,2019-06-06,True,True,False,True,True,POST_FIRST_POSITIVE_VOLUME,True,LEGITIMATE_NO_TRADE / SUSPENSION
ASELS.IS,2019-06-06,2019,3,2019-06-04,2019-06-06,True,True,False,True,True,POST_FIRST_POSITIVE_VOLUME,True,LEGITIMATE_NO_TRADE / SUSPENSION
ASELS.IS,2019-07-15,2019,1,2019-07-15,2019-07-15,True,True,False,True,True,POST_FIRST_POSITIVE_VOLUME,False,UNKNOWN
ASELS.IS,2019-08-12,2019,3,2019-08-12,2019-08-14,True,True,False,True,True,POST_FIRST_POSITIVE_VOLUME,True,LEGITIMATE_NO_TRADE / SUSPENSION
ASELS.IS,2019-08-13,2019,3,2019-08-12,2019-08-14,True,True,False,True,True,POST_FIRST_POSITIVE_VOLUME,True,LEGITIMATE_NO_TRADE / SUSPENSION
ASELS.IS,2019-08-14,2019,3,2019-08-12,2019-08-14,True,True,False,True,True,POST_FIRST_POSITIVE_VOLUME,True,LEGITIMATE_NO_TRADE / SUSPENSION
ASELS.IS,2019-08-30,2019,1,2019-08-30,2019-08-30,True,True,False,True,True,POST_FIRST_POSITIVE_VOLUME,False,UNKNOWN
ASELS.IS,2020-03-11,2020,1,2020-03-11,2020-03-11,True,True,False,True,True,POST_FIRST_POSITIVE_VOLUME,False,UNKNOWN
ASELS.IS,2026-05-27,2026,3,2026-05-27,2026-05-29,True,True,False,True,True,POST_FIRST_POSITIVE_VOLUME,True,LEGITIMATE_NO_TRADE / SUSPENSION
ASELS.IS,2026-05-28,2026,3,2026-05-27,2026-05-29,True,True,False,True,True,POST_FIRST_POSITIVE_VOLUME,True,LEGITIMATE_NO_TRADE / SUSPENSION
ASELS.IS,2026-05-29,2026,3,2026-05-27,2026-05-29,True,True,False,True,True,POST_FIRST_POSITIVE_VOLUME,True,LEGITIMATE_NO_TRADE / SUSPENSION
KCHOL.IS,2018-04-23,2018,1,2018-04-23,2018-04-23,True,True,False,True,True,POST_FIRST_POSITIVE_VOLUME,False,UNKNOWN
KCHOL.IS,2018-05-01,2018,1,2018-05-01,2018-05-01,True,True,False,True,True,POST_FIRST_POSITIVE_VOLUME,False,UNKNOWN
KCHOL.IS,2018-06-15,2018,1,2018-06-15,2018-06-15,True,True,False,True,True,POST_FIRST_POSITIVE_VOLUME,False,UNKNOWN
KCHOL.IS,2018-08-21,2018,4,2018-08-21,2018-08-24,True,True,False,True,True,POST_FIRST_POSITIVE_VOLUME,True,LEGITIMATE_NO_TRADE / SUSPENSION
KCHOL.IS,2018-08-22,2018,4,2018-08-21,2018-08-24,True,True,False,True,True,POST_FIRST_POSITIVE_VOLUME,True,LEGITIMATE_NO_TRADE / SUSPENSION
KCHOL.IS,2018-08-23,2018,4,2018-08-21,2018-08-24,True,True,False,True,True,POST_FIRST_POSITIVE_VOLUME,True,LEGITIMATE_NO_TRADE / SUSPENSION
KCHOL.IS,2018-08-24,2018,4,2018-08-21,2018-08-24,True,True,False,True,True,POST_FIRST_POSITIVE_VOLUME,True,LEGITIMATE_NO_TRADE / SUSPENSION
KCHOL.IS,2018-08-30,2018,1,2018-08-30,2018-08-30,True,True,False,True,True,POST_FIRST_POSITIVE_VOLUME,False,UNKNOWN
KCHOL.IS,2018-10-29,2018,1,2018-10-29,2018-10-29,True,True,False,True,True,POST_FIRST_POSITIVE_VOLUME,False,UNKNOWN
KCHOL.IS,2019-01-01,2019,1,2019-01-01,2019-01-01,True,True,False,True,True,POST_FIRST_POSITIVE_VOLUME,False,UNKNOWN
KCHOL.IS,2019-04-23,2019,1,2019-04-23,2019-04-23,True,True,False,True,True,POST_FIRST_POSITIVE_VOLUME,False,UNKNOWN
KCHOL.IS,2019-05-01,2019,1,2019-05-01,2019-05-01,True,True,False,True,True,POST_FIRST_POSITIVE_VOLUME,False,UNKNOWN
KCHOL.IS,2019-06-04,2019,3,2019-06-04,2019-06-06,True,True,False,True,True,POST_FIRST_POSITIVE_VOLUME,True,LEGITIMATE_NO_TRADE / SUSPENSION
KCHOL.IS,2019-06-05,2019,3,2019-06-04,2019-06-06,True,True,False,True,True,POST_FIRST_POSITIVE_VOLUME,True,LEGITIMATE_NO_TRADE / SUSPENSION
KCHOL.IS,2019-06-06,2019,3,2019-06-04,2019-06-06,True,True,False,True,True,POST_FIRST_POSITIVE_VOLUME,True,LEGITIMATE_NO_TRADE / SUSPENSION
KCHOL.IS,2019-07-15,2019,1,2019-07-15,2019-07-15,True,True,False,True,True,POST_FIRST_POSITIVE_VOLUME,False,UNKNOWN
KCHOL.IS,2019-08-12,2019,3,2019-08-12,2019-08-14,True,True,False,True,True,POST_FIRST_POSITIVE_VOLUME,True,LEGITIMATE_NO_TRADE / SUSPENSION
KCHOL.IS,2019-08-13,2019,3,2019-08-12,2019-08-14,True,True,False,True,True,POST_FIRST_POSITIVE_VOLUME,True,LEGITIMATE_NO_TRADE / SUSPENSION
KCHOL.IS,2019-08-14,2019,3,2019-08-12,2019-08-14,True,True,False,True,True,POST_FIRST_POSITIVE_VOLUME,True,LEGITIMATE_NO_TRADE / SUSPENSION
KCHOL.IS,2019-08-30,2019,1,2019-08-30,2019-08-30,True,True,False,True,True,POST_FIRST_POSITIVE_VOLUME,False,UNKNOWN
KCHOL.IS,2020-03-11,2020,1,2020-03-11,2020-03-11,True,True,False,True,True,POST_FIRST_POSITIVE_VOLUME,False,UNKNOWN
KCHOL.IS,2026-05-27,2026,3,2026-05-27,2026-05-29,True,True,False,True,True,POST_FIRST_POSITIVE_VOLUME,True,LEGITIMATE_NO_TRADE / SUSPENSION
KCHOL.IS,2026-05-28,2026,3,2026-05-27,2026-05-29,True,True,False,True,True,POST_FIRST_POSITIVE_VOLUME,True,LEGITIMATE_NO_TRADE / SUSPENSION
KCHOL.IS,2026-05-29,2026,3,2026-05-27,2026-05-29,True,True,False,True,True,POST_FIRST_POSITIVE_VOLUME,True,LEGITIMATE_NO_TRADE / SUSPENSION
BIMAS.IS,2018-04-23,2018,1,2018-04-23,2018-04-23,True,True,False,True,False,POST_FIRST_POSITIVE_VOLUME,False,MISSING_VOLUME_ONLY
BIMAS.IS,2018-05-01,2018,1,2018-05-01,2018-05-01,True,True,False,True,True,POST_FIRST_POSITIVE_VOLUME,False,UNKNOWN
BIMAS.IS,2018-06-15,2018,1,2018-06-15,2018-06-15,True,True,False,True,True,POST_FIRST_POSITIVE_VOLUME,False,UNKNOWN
BIMAS.IS,2018-08-21,2018,4,2018-08-21,2018-08-24,True,True,False,True,True,POST_FIRST_POSITIVE_VOLUME,True,LEGITIMATE_NO_TRADE / SUSPENSION
BIMAS.IS,2018-08-22,2018,4,2018-08-21,2018-08-24,True,True,False,True,True,POST_FIRST_POSITIVE_VOLUME,True,LEGITIMATE_NO_TRADE / SUSPENSION
BIMAS.IS,2018-08-23,2018,4,2018-08-21,2018-08-24,True,True,False,True,True,POST_FIRST_POSITIVE_VOLUME,True,LEGITIMATE_NO_TRADE / SUSPENSION
BIMAS.IS,2018-08-24,2018,4,2018-08-21,2018-08-24,True,True,False,True,True,POST_FIRST_POSITIVE_VOLUME,True,LEGITIMATE_NO_TRADE / SUSPENSION
BIMAS.IS,2018-08-30,2018,1,2018-08-30,2018-08-30,True,True,False,True,False,POST_FIRST_POSITIVE_VOLUME,False,MISSING_VOLUME_ONLY
BIMAS.IS,2018-10-29,2018,1,2018-10-29,2018-10-29,True,True,False,True,True,POST_FIRST_POSITIVE_VOLUME,False,UNKNOWN
BIMAS.IS,2019-01-01,2019,1,2019-01-01,2019-01-01,True,True,False,True,True,POST_FIRST_POSITIVE_VOLUME,False,UNKNOWN
BIMAS.IS,2019-04-23,2019,1,2019-04-23,2019-04-23,True,True,False,True,True,POST_FIRST_POSITIVE_VOLUME,False,UNKNOWN
BIMAS.IS,2019-05-01,2019,1,2019-05-01,2019-05-01,True,True,False,True,True,POST_FIRST_POSITIVE_VOLUME,False,UNKNOWN
BIMAS.IS,2019-06-04,2019,3,2019-06-04,2019-06-06,True,True,False,True,True,POST_FIRST_POSITIVE_VOLUME,True,LEGITIMATE_NO_TRADE / SUSPENSION
BIMAS.IS,2019-06-05,2019,3,2019-06-04,2019-06-06,True,True,False,True,True,POST_FIRST_POSITIVE_VOLUME,True,LEGITIMATE_NO_TRADE / SUSPENSION
BIMAS.IS,2019-06-06,2019,3,2019-06-04,2019-06-06,True,True,False,True,True,POST_FIRST_POSITIVE_VOLUME,True,LEGITIMATE_NO_TRADE / SUSPENSION
BIMAS.IS,2019-07-15,2019,1,2019-07-15,2019-07-15,True,True,False,True,True,POST_FIRST_POSITIVE_VOLUME,False,UNKNOWN
BIMAS.IS,2019-08-12,2019,3,2019-08-12,2019-08-14,True,True,False,True,True,POST_FIRST_POSITIVE_VOLUME,True,LEGITIMATE_NO_TRADE / SUSPENSION
BIMAS.IS,2019-08-13,2019,3,2019-08-12,2019-08-14,True,True,False,True,True,POST_FIRST_POSITIVE_VOLUME,True,LEGITIMATE_NO_TRADE / SUSPENSION
BIMAS.IS,2019-08-14,2019,3,2019-08-12,2019-08-14,True,True,False,True,True,POST_FIRST_POSITIVE_VOLUME,True,LEGITIMATE_NO_TRADE / SUSPENSION
BIMAS.IS,2019-08-30,2019,1,2019-08-30,2019-08-30,True,True,False,True,True,POST_FIRST_POSITIVE_VOLUME,False,UNKNOWN
BIMAS.IS,2020-03-11,2020,1,2020-03-11,2020-03-11,True,True,False,True,True,POST_FIRST_POSITIVE_VOLUME,False,UNKNOWN
BIMAS.IS,2024-04-09,2024,1,2024-04-09,2024-04-09,True,True,False,True,True,POST_FIRST_POSITIVE_VOLUME,False,UNKNOWN
BIMAS.IS,2026-04-23,2026,1,2026-04-23,2026-04-23,True,True,False,True,True,POST_FIRST_POSITIVE_VOLUME,False,UNKNOWN
BIMAS.IS,2026-05-01,2026,1,2026-05-01,2026-05-01,True,True,False,True,True,POST_FIRST_POSITIVE_VOLUME,False,UNKNOWN
BIMAS.IS,2026-05-27,2026,3,2026-05-27,2026-05-29,True,True,False,True,True,POST_FIRST_POSITIVE_VOLUME,True,LEGITIMATE_NO_TRADE / SUSPENSION
BIMAS.IS,2026-05-28,2026,3,2026-05-27,2026-05-29,True,True,False,True,True,POST_FIRST_POSITIVE_VOLUME,True,LEGITIMATE_NO_TRADE / SUSPENSION
BIMAS.IS,2026-05-29,2026,3,2026-05-27,2026-05-29,True,True,False,True,True,POST_FIRST_POSITIVE_VOLUME,True,LEGITIMATE_NO_TRADE / SUSPENSION
EREGL.IS,2018-04-23,2018,1,2018-04-23,2018-04-23,True,True,False,True,True,POST_FIRST_POSITIVE_VOLUME,False,UNKNOWN
EREGL.IS,2018-05-01,2018,1,2018-05-01,2018-05-01,True,True,False,True,True,POST_FIRST_POSITIVE_VOLUME,False,UNKNOWN
EREGL.IS,2018-06-15,2018,1,2018-06-15,2018-06-15,True,True,False,True,True,POST_FIRST_POSITIVE_VOLUME,False,UNKNOWN
EREGL.IS,2018-08-21,2018,4,2018-08-21,2018-08-24,True,True,False,True,True,POST_FIRST_POSITIVE_VOLUME,True,LEGITIMATE_NO_TRADE / SUSPENSION
EREGL.IS,2018-08-22,2018,4,2018-08-21,2018-08-24,True,True,False,True,True,POST_FIRST_POSITIVE_VOLUME,True,LEGITIMATE_NO_TRADE / SUSPENSION
EREGL.IS,2018-08-23,2018,4,2018-08-21,2018-08-24,True,True,False,True,True,POST_FIRST_POSITIVE_VOLUME,True,LEGITIMATE_NO_TRADE / SUSPENSION
EREGL.IS,2018-08-24,2018,4,2018-08-21,2018-08-24,True,True,False,True,True,POST_FIRST_POSITIVE_VOLUME,True,LEGITIMATE_NO_TRADE / SUSPENSION
EREGL.IS,2018-08-30,2018,1,2018-08-30,2018-08-30,True,True,False,True,True,POST_FIRST_POSITIVE_VOLUME,False,UNKNOWN
EREGL.IS,2018-10-29,2018,1,2018-10-29,2018-10-29,True,True,False,True,True,POST_FIRST_POSITIVE_VOLUME,False,UNKNOWN
EREGL.IS,2019-01-01,2019,1,2019-01-01,2019-01-01,True,True,False,True,True,POST_FIRST_POSITIVE_VOLUME,False,UNKNOWN
EREGL.IS,2019-04-23,2019,1,2019-04-23,2019-04-23,True,True,False,True,True,POST_FIRST_POSITIVE_VOLUME,False,UNKNOWN
EREGL.IS,2019-05-01,2019,1,2019-05-01,2019-05-01,True,True,False,True,False,POST_FIRST_POSITIVE_VOLUME,False,MISSING_VOLUME_ONLY
EREGL.IS,2019-06-04,2019,3,2019-06-04,2019-06-06,True,True,False,True,True,POST_FIRST_POSITIVE_VOLUME,True,LEGITIMATE_NO_TRADE / SUSPENSION
EREGL.IS,2019-06-05,2019,3,2019-06-04,2019-06-06,True,True,False,True,True,POST_FIRST_POSITIVE_VOLUME,True,LEGITIMATE_NO_TRADE / SUSPENSION
EREGL.IS,2019-06-06,2019,3,2019-06-04,2019-06-06,True,True,False,True,True,POST_FIRST_POSITIVE_VOLUME,True,LEGITIMATE_NO_TRADE / SUSPENSION
EREGL.IS,2019-07-15,2019,1,2019-07-15,2019-07-15,True,True,False,True,True,POST_FIRST_POSITIVE_VOLUME,False,UNKNOWN
EREGL.IS,2019-08-12,2019,3,2019-08-12,2019-08-14,True,True,False,True,True,POST_FIRST_POSITIVE_VOLUME,True,LEGITIMATE_NO_TRADE / SUSPENSION
EREGL.IS,2019-08-13,2019,3,2019-08-12,2019-08-14,True,True,False,True,True,POST_FIRST_POSITIVE_VOLUME,True,LEGITIMATE_NO_TRADE / SUSPENSION
EREGL.IS,2019-08-14,2019,3,2019-08-12,2019-08-14,True,True,False,True,True,POST_FIRST_POSITIVE_VOLUME,True,LEGITIMATE_NO_TRADE / SUSPENSION
EREGL.IS,2019-08-30,2019,1,2019-08-30,2019-08-30,True,True,False,True,True,POST_FIRST_POSITIVE_VOLUME,False,UNKNOWN
EREGL.IS,2020-03-11,2020,1,2020-03-11,2020-03-11,True,True,False,True,True,POST_FIRST_POSITIVE_VOLUME,False,UNKNOWN
EREGL.IS,2024-04-09,2024,1,2024-04-09,2024-04-09,True,True,False,True,True,POST_FIRST_POSITIVE_VOLUME,False,UNKNOWN
EREGL.IS,2026-05-27,2026,3,2026-05-27,2026-05-29,True,True,False,True,True,POST_FIRST_POSITIVE_VOLUME,True,LEGITIMATE_NO_TRADE / SUSPENSION
EREGL.IS,2026-05-28,2026,3,2026-05-27,2026-05-29,True,True,False,True,True,POST_FIRST_POSITIVE_VOLUME,True,LEGITIMATE_NO_TRADE / SUSPENSION
EREGL.IS,2026-05-29,2026,3,2026-05-27,2026-05-29,True,True,False,True,True,POST_FIRST_POSITIVE_VOLUME,True,LEGITIMATE_NO_TRADE / SUSPENSION
ISCTR.IS,2018-04-23,2018,1,2018-04-23,2018-04-23,True,True,False,True,True,POST_FIRST_POSITIVE_VOLUME,False,UNKNOWN
ISCTR.IS,2018-05-01,2018,1,2018-05-01,2018-05-01,True,True,False,True,True,POST_FIRST_POSITIVE_VOLUME,False,UNKNOWN
ISCTR.IS,2018-06-15,2018,1,2018-06-15,2018-06-15,True,True,False,True,True,POST_FIRST_POSITIVE_VOLUME,False,UNKNOWN
ISCTR.IS,2018-08-21,2018,4,2018-08-21,2018-08-24,True,True,False,True,True,POST_FIRST_POSITIVE_VOLUME,True,LEGITIMATE_NO_TRADE / SUSPENSION
ISCTR.IS,2018-08-22,2018,4,2018-08-21,2018-08-24,True,True,False,True,True,POST_FIRST_POSITIVE_VOLUME,True,LEGITIMATE_NO_TRADE / SUSPENSION
ISCTR.IS,2018-08-23,2018,4,2018-08-21,2018-08-24,True,True,False,True,True,POST_FIRST_POSITIVE_VOLUME,True,LEGITIMATE_NO_TRADE / SUSPENSION
ISCTR.IS,2018-08-24,2018,4,2018-08-21,2018-08-24,True,True,False,True,True,POST_FIRST_POSITIVE_VOLUME,True,LEGITIMATE_NO_TRADE / SUSPENSION
ISCTR.IS,2018-08-30,2018,1,2018-08-30,2018-08-30,True,True,False,True,True,POST_FIRST_POSITIVE_VOLUME,False,UNKNOWN
ISCTR.IS,2018-10-29,2018,1,2018-10-29,2018-10-29,True,True,False,True,True,POST_FIRST_POSITIVE_VOLUME,False,UNKNOWN
ISCTR.IS,2019-01-01,2019,1,2019-01-01,2019-01-01,True,True,False,True,True,POST_FIRST_POSITIVE_VOLUME,False,UNKNOWN
ISCTR.IS,2019-04-23,2019,1,2019-04-23,2019-04-23,True,True,False,True,True,POST_FIRST_POSITIVE_VOLUME,False,UNKNOWN
ISCTR.IS,2019-05-01,2019,1,2019-05-01,2019-05-01,True,True,False,True,True,POST_FIRST_POSITIVE_VOLUME,False,UNKNOWN
ISCTR.IS,2019-06-04,2019,3,2019-06-04,2019-06-06,True,True,False,True,True,POST_FIRST_POSITIVE_VOLUME,True,LEGITIMATE_NO_TRADE / SUSPENSION
ISCTR.IS,2019-06-05,2019,3,2019-06-04,2019-06-06,True,True,False,True,True,POST_FIRST_POSITIVE_VOLUME,True,LEGITIMATE_NO_TRADE / SUSPENSION
ISCTR.IS,2019-06-06,2019,3,2019-06-04,2019-06-06,True,True,False,True,True,POST_FIRST_POSITIVE_VOLUME,True,LEGITIMATE_NO_TRADE / SUSPENSION
ISCTR.IS,2019-07-15,2019,1,2019-07-15,2019-07-15,True,True,False,True,True,POST_FIRST_POSITIVE_VOLUME,False,UNKNOWN
ISCTR.IS,2019-08-12,2019,3,2019-08-12,2019-08-14,True,True,False,True,True,POST_FIRST_POSITIVE_VOLUME,True,LEGITIMATE_NO_TRADE / SUSPENSION
ISCTR.IS,2019-08-13,2019,3,2019-08-12,2019-08-14,True,True,False,True,True,POST_FIRST_POSITIVE_VOLUME,True,LEGITIMATE_NO_TRADE / SUSPENSION
ISCTR.IS,2019-08-14,2019,3,2019-08-12,2019-08-14,True,True,False,True,True,POST_FIRST_POSITIVE_VOLUME,True,LEGITIMATE_NO_TRADE / SUSPENSION
ISCTR.IS,2019-08-30,2019,1,2019-08-30,2019-08-30,True,True,False,True,True,POST_FIRST_POSITIVE_VOLUME,False,UNKNOWN
ISCTR.IS,2020-03-11,2020,1,2020-03-11,2020-03-11,True,True,False,True,True,POST_FIRST_POSITIVE_VOLUME,False,UNKNOWN
ISCTR.IS,2026-05-27,2026,3,2026-05-27,2026-05-29,True,True,False,True,True,POST_FIRST_POSITIVE_VOLUME,True,LEGITIMATE_NO_TRADE / SUSPENSION
ISCTR.IS,2026-05-28,2026,3,2026-05-27,2026-05-29,True,True,False,True,True,POST_FIRST_POSITIVE_VOLUME,True,LEGITIMATE_NO_TRADE / SUSPENSION
ISCTR.IS,2026-05-29,2026,3,2026-05-27,2026-05-29,True,True,False,True,True,POST_FIRST_POSITIVE_VOLUME,True,LEGITIMATE_NO_TRADE / SUSPENSION
AKBNK.IS,2018-04-23,2018,1,2018-04-23,2018-04-23,True,True,False,True,True,POST_FIRST_POSITIVE_VOLUME,False,UNKNOWN
AKBNK.IS,2018-05-01,2018,1,2018-05-01,2018-05-01,True,True,False,True,True,POST_FIRST_POSITIVE_VOLUME,False,UNKNOWN
AKBNK.IS,2018-06-15,2018,1,2018-06-15,2018-06-15,True,True,False,True,True,POST_FIRST_POSITIVE_VOLUME,False,UNKNOWN
AKBNK.IS,2018-08-21,2018,4,2018-08-21,2018-08-24,True,True,False,True,True,POST_FIRST_POSITIVE_VOLUME,True,LEGITIMATE_NO_TRADE / SUSPENSION
AKBNK.IS,2018-08-22,2018,4,2018-08-21,2018-08-24,True,True,False,True,True,POST_FIRST_POSITIVE_VOLUME,True,LEGITIMATE_NO_TRADE / SUSPENSION
AKBNK.IS,2018-08-23,2018,4,2018-08-21,2018-08-24,True,True,False,True,True,POST_FIRST_POSITIVE_VOLUME,True,LEGITIMATE_NO_TRADE / SUSPENSION
AKBNK.IS,2018-08-24,2018,4,2018-08-21,2018-08-24,True,True,False,True,True,POST_FIRST_POSITIVE_VOLUME,True,LEGITIMATE_NO_TRADE / SUSPENSION
AKBNK.IS,2018-08-30,2018,1,2018-08-30,2018-08-30,True,True,False,True,True,POST_FIRST_POSITIVE_VOLUME,False,UNKNOWN
AKBNK.IS,2018-10-29,2018,1,2018-10-29,2018-10-29,True,True,False,True,True,POST_FIRST_POSITIVE_VOLUME,False,UNKNOWN
AKBNK.IS,2019-01-01,2019,1,2019-01-01,2019-01-01,True,True,False,True,True,POST_FIRST_POSITIVE_VOLUME,False,UNKNOWN
AKBNK.IS,2019-04-23,2019,1,2019-04-23,2019-04-23,True,True,False,True,True,POST_FIRST_POSITIVE_VOLUME,False,UNKNOWN
AKBNK.IS,2019-05-01,2019,1,2019-05-01,2019-05-01,True,True,False,True,True,POST_FIRST_POSITIVE_VOLUME,False,UNKNOWN
AKBNK.IS,2019-06-04,2019,3,2019-06-04,2019-06-06,True,True,False,True,True,POST_FIRST_POSITIVE_VOLUME,True,LEGITIMATE_NO_TRADE / SUSPENSION
AKBNK.IS,2019-06-05,2019,3,2019-06-04,2019-06-06,True,True,False,True,True,POST_FIRST_POSITIVE_VOLUME,True,LEGITIMATE_NO_TRADE / SUSPENSION
AKBNK.IS,2019-06-06,2019,3,2019-06-04,2019-06-06,True,True,False,True,True,POST_FIRST_POSITIVE_VOLUME,True,LEGITIMATE_NO_TRADE / SUSPENSION
AKBNK.IS,2019-07-15,2019,1,2019-07-15,2019-07-15,True,True,False,True,True,POST_FIRST_POSITIVE_VOLUME,False,UNKNOWN
AKBNK.IS,2019-08-12,2019,3,2019-08-12,2019-08-14,True,True,False,True,True,POST_FIRST_POSITIVE_VOLUME,True,LEGITIMATE_NO_TRADE / SUSPENSION
AKBNK.IS,2019-08-13,2019,3,2019-08-12,2019-08-14,True,True,False,True,True,POST_FIRST_POSITIVE_VOLUME,True,LEGITIMATE_NO_TRADE / SUSPENSION
AKBNK.IS,2019-08-14,2019,3,2019-08-12,2019-08-14,True,True,False,True,True,POST_FIRST_POSITIVE_VOLUME,True,LEGITIMATE_NO_TRADE / SUSPENSION
AKBNK.IS,2019-08-30,2019,1,2019-08-30,2019-08-30,True,True,False,True,True,POST_FIRST_POSITIVE_VOLUME,False,UNKNOWN
AKBNK.IS,2020-03-11,2020,1,2020-03-11,2020-03-11,True,True,False,True,True,POST_FIRST_POSITIVE_VOLUME,False,UNKNOWN
AKBNK.IS,2026-05-27,2026,3,2026-05-27,2026-05-29,True,True,False,True,True,POST_FIRST_POSITIVE_VOLUME,True,LEGITIMATE_NO_TRADE / SUSPENSION
AKBNK.IS,2026-05-28,2026,3,2026-05-27,2026-05-29,True,True,False,True,True,POST_FIRST_POSITIVE_VOLUME,True,LEGITIMATE_NO_TRADE / SUSPENSION
AKBNK.IS,2026-05-29,2026,3,2026-05-27,2026-05-29,True,True,False,True,True,POST_FIRST_POSITIVE_VOLUME,True,LEGITIMATE_NO_TRADE / SUSPENSION
GARAN.IS,2018-04-23,2018,1,2018-04-23,2018-04-23,True,True,False,True,True,POST_FIRST_POSITIVE_VOLUME,False,UNKNOWN
GARAN.IS,2018-05-01,2018,1,2018-05-01,2018-05-01,True,True,False,True,True,POST_FIRST_POSITIVE_VOLUME,False,UNKNOWN
GARAN.IS,2018-06-15,2018,1,2018-06-15,2018-06-15,True,True,False,True,True,POST_FIRST_POSITIVE_VOLUME,False,UNKNOWN
GARAN.IS,2018-08-21,2018,4,2018-08-21,2018-08-24,True,True,False,True,True,POST_FIRST_POSITIVE_VOLUME,True,LEGITIMATE_NO_TRADE / SUSPENSION
GARAN.IS,2018-08-22,2018,4,2018-08-21,2018-08-24,True,True,False,True,True,POST_FIRST_POSITIVE_VOLUME,True,LEGITIMATE_NO_TRADE / SUSPENSION
GARAN.IS,2018-08-23,2018,4,2018-08-21,2018-08-24,True,True,False,True,True,POST_FIRST_POSITIVE_VOLUME,True,LEGITIMATE_NO_TRADE / SUSPENSION
GARAN.IS,2018-08-24,2018,4,2018-08-21,2018-08-24,True,True,False,True,True,POST_FIRST_POSITIVE_VOLUME,True,LEGITIMATE_NO_TRADE / SUSPENSION
GARAN.IS,2018-08-30,2018,1,2018-08-30,2018-08-30,True,True,False,True,True,POST_FIRST_POSITIVE_VOLUME,False,UNKNOWN
GARAN.IS,2018-10-29,2018,1,2018-10-29,2018-10-29,True,True,False,True,True,POST_FIRST_POSITIVE_VOLUME,False,UNKNOWN
GARAN.IS,2019-01-01,2019,1,2019-01-01,2019-01-01,True,True,False,True,True,POST_FIRST_POSITIVE_VOLUME,False,UNKNOWN
GARAN.IS,2019-04-23,2019,1,2019-04-23,2019-04-23,True,True,False,True,True,POST_FIRST_POSITIVE_VOLUME,False,UNKNOWN
GARAN.IS,2019-05-01,2019,1,2019-05-01,2019-05-01,True,True,False,True,True,POST_FIRST_POSITIVE_VOLUME,False,UNKNOWN
GARAN.IS,2019-06-04,2019,3,2019-06-04,2019-06-06,True,True,False,True,True,POST_FIRST_POSITIVE_VOLUME,True,LEGITIMATE_NO_TRADE / SUSPENSION
GARAN.IS,2019-06-05,2019,3,2019-06-04,2019-06-06,True,True,False,True,True,POST_FIRST_POSITIVE_VOLUME,True,LEGITIMATE_NO_TRADE / SUSPENSION
GARAN.IS,2019-06-06,2019,3,2019-06-04,2019-06-06,True,True,False,True,True,POST_FIRST_POSITIVE_VOLUME,True,LEGITIMATE_NO_TRADE / SUSPENSION
GARAN.IS,2019-07-15,2019,1,2019-07-15,2019-07-15,True,True,False,True,True,POST_FIRST_POSITIVE_VOLUME,False,UNKNOWN
GARAN.IS,2019-08-12,2019,3,2019-08-12,2019-08-14,True,True,False,True,True,POST_FIRST_POSITIVE_VOLUME,True,LEGITIMATE_NO_TRADE / SUSPENSION
GARAN.IS,2019-08-13,2019,3,2019-08-12,2019-08-14,True,True,False,True,True,POST_FIRST_POSITIVE_VOLUME,True,LEGITIMATE_NO_TRADE / SUSPENSION
GARAN.IS,2019-08-14,2019,3,2019-08-12,2019-08-14,True,True,False,True,True,POST_FIRST_POSITIVE_VOLUME,True,LEGITIMATE_NO_TRADE / SUSPENSION
GARAN.IS,2019-08-30,2019,1,2019-08-30,2019-08-30,True,True,False,True,False,POST_FIRST_POSITIVE_VOLUME,False,MISSING_VOLUME_ONLY
GARAN.IS,2020-03-11,2020,1,2020-03-11,2020-03-11,True,True,False,True,False,POST_FIRST_POSITIVE_VOLUME,False,MISSING_VOLUME_ONLY
GARAN.IS,2026-05-27,2026,3,2026-05-27,2026-05-29,True,True,False,True,True,POST_FIRST_POSITIVE_VOLUME,True,LEGITIMATE_NO_TRADE / SUSPENSION
GARAN.IS,2026-05-28,2026,3,2026-05-27,2026-05-29,True,True,False,True,True,POST_FIRST_POSITIVE_VOLUME,True,LEGITIMATE_NO_TRADE / SUSPENSION
GARAN.IS,2026-05-29,2026,3,2026-05-27,2026-05-29,True,True,False,True,True,POST_FIRST_POSITIVE_VOLUME,True,LEGITIMATE_NO_TRADE / SUSPENSION
YKBNK.IS,2018-04-23,2018,1,2018-04-23,2018-04-23,True,True,False,True,True,POST_FIRST_POSITIVE_VOLUME,False,UNKNOWN
YKBNK.IS,2018-05-01,2018,1,2018-05-01,2018-05-01,True,True,False,True,True,POST_FIRST_POSITIVE_VOLUME,False,UNKNOWN
YKBNK.IS,2018-06-15,2018,1,2018-06-15,2018-06-15,True,True,False,True,False,POST_FIRST_POSITIVE_VOLUME,False,MISSING_VOLUME_ONLY
YKBNK.IS,2018-08-21,2018,4,2018-08-21,2018-08-24,True,True,False,True,True,POST_FIRST_POSITIVE_VOLUME,True,LEGITIMATE_NO_TRADE / SUSPENSION
YKBNK.IS,2018-08-22,2018,4,2018-08-21,2018-08-24,True,True,False,True,True,POST_FIRST_POSITIVE_VOLUME,True,LEGITIMATE_NO_TRADE / SUSPENSION
YKBNK.IS,2018-08-23,2018,4,2018-08-21,2018-08-24,True,True,False,True,True,POST_FIRST_POSITIVE_VOLUME,True,LEGITIMATE_NO_TRADE / SUSPENSION
YKBNK.IS,2018-08-24,2018,4,2018-08-21,2018-08-24,True,True,False,True,True,POST_FIRST_POSITIVE_VOLUME,True,LEGITIMATE_NO_TRADE / SUSPENSION
YKBNK.IS,2018-08-30,2018,1,2018-08-30,2018-08-30,True,True,False,True,True,POST_FIRST_POSITIVE_VOLUME,False,UNKNOWN
YKBNK.IS,2018-10-29,2018,1,2018-10-29,2018-10-29,True,True,False,True,True,POST_FIRST_POSITIVE_VOLUME,False,UNKNOWN
YKBNK.IS,2019-01-01,2019,1,2019-01-01,2019-01-01,True,True,False,True,True,POST_FIRST_POSITIVE_VOLUME,False,UNKNOWN
YKBNK.IS,2019-04-23,2019,1,2019-04-23,2019-04-23,True,True,False,True,False,POST_FIRST_POSITIVE_VOLUME,False,MISSING_VOLUME_ONLY
YKBNK.IS,2019-05-01,2019,1,2019-05-01,2019-05-01,True,True,False,True,True,POST_FIRST_POSITIVE_VOLUME,False,UNKNOWN
YKBNK.IS,2019-06-04,2019,3,2019-06-04,2019-06-06,True,True,False,True,True,POST_FIRST_POSITIVE_VOLUME,True,LEGITIMATE_NO_TRADE / SUSPENSION
YKBNK.IS,2019-06-05,2019,3,2019-06-04,2019-06-06,True,True,False,True,True,POST_FIRST_POSITIVE_VOLUME,True,LEGITIMATE_NO_TRADE / SUSPENSION
YKBNK.IS,2019-06-06,2019,3,2019-06-04,2019-06-06,True,True,False,True,True,POST_FIRST_POSITIVE_VOLUME,True,LEGITIMATE_NO_TRADE / SUSPENSION
YKBNK.IS,2019-07-15,2019,1,2019-07-15,2019-07-15,True,True,False,True,True,POST_FIRST_POSITIVE_VOLUME,False,UNKNOWN
YKBNK.IS,2019-08-12,2019,3,2019-08-12,2019-08-14,True,True,False,True,True,POST_FIRST_POSITIVE_VOLUME,True,LEGITIMATE_NO_TRADE / SUSPENSION
YKBNK.IS,2019-08-13,2019,3,2019-08-12,2019-08-14,True,True,False,True,True,POST_FIRST_POSITIVE_VOLUME,True,LEGITIMATE_NO_TRADE / SUSPENSION
YKBNK.IS,2019-08-14,2019,3,2019-08-12,2019-08-14,True,True,False,True,True,POST_FIRST_POSITIVE_VOLUME,True,LEGITIMATE_NO_TRADE / SUSPENSION
YKBNK.IS,2019-08-30,2019,1,2019-08-30,2019-08-30,True,True,False,True,False,POST_FIRST_POSITIVE_VOLUME,False,MISSING_VOLUME_ONLY
YKBNK.IS,2020-03-11,2020,1,2020-03-11,2020-03-11,True,True,False,True,True,POST_FIRST_POSITIVE_VOLUME,False,UNKNOWN
YKBNK.IS,2022-09-06,2022,1,2022-09-06,2022-09-06,False,False,True,True,False,POST_FIRST_POSITIVE_VOLUME,False,MISSING_VOLUME_ONLY
YKBNK.IS,2026-05-27,2026,3,2026-05-27,2026-05-29,True,True,False,True,True,POST_FIRST_POSITIVE_VOLUME,True,LEGITIMATE_NO_TRADE / SUSPENSION
YKBNK.IS,2026-05-28,2026,3,2026-05-27,2026-05-29,True,True,False,True,True,POST_FIRST_POSITIVE_VOLUME,True,LEGITIMATE_NO_TRADE / SUSPENSION
YKBNK.IS,2026-05-29,2026,3,2026-05-27,2026-05-29,True,True,False,True,True,POST_FIRST_POSITIVE_VOLUME,True,LEGITIMATE_NO_TRADE / SUSPENSION
VAKBN.IS,2018-04-23,2018,1,2018-04-23,2018-04-23,True,True,False,True,True,POST_FIRST_POSITIVE_VOLUME,False,UNKNOWN
VAKBN.IS,2018-05-01,2018,1,2018-05-01,2018-05-01,True,True,False,True,True,POST_FIRST_POSITIVE_VOLUME,False,UNKNOWN
VAKBN.IS,2018-06-15,2018,1,2018-06-15,2018-06-15,True,True,False,True,True,POST_FIRST_POSITIVE_VOLUME,False,UNKNOWN
VAKBN.IS,2018-08-21,2018,4,2018-08-21,2018-08-24,True,True,False,True,True,POST_FIRST_POSITIVE_VOLUME,True,LEGITIMATE_NO_TRADE / SUSPENSION
VAKBN.IS,2018-08-22,2018,4,2018-08-21,2018-08-24,True,True,False,True,True,POST_FIRST_POSITIVE_VOLUME,True,LEGITIMATE_NO_TRADE / SUSPENSION
VAKBN.IS,2018-08-23,2018,4,2018-08-21,2018-08-24,True,True,False,True,True,POST_FIRST_POSITIVE_VOLUME,True,LEGITIMATE_NO_TRADE / SUSPENSION
VAKBN.IS,2018-08-24,2018,4,2018-08-21,2018-08-24,True,True,False,True,True,POST_FIRST_POSITIVE_VOLUME,True,LEGITIMATE_NO_TRADE / SUSPENSION
VAKBN.IS,2018-08-30,2018,1,2018-08-30,2018-08-30,True,True,False,True,True,POST_FIRST_POSITIVE_VOLUME,False,UNKNOWN
VAKBN.IS,2018-10-29,2018,1,2018-10-29,2018-10-29,True,True,False,True,True,POST_FIRST_POSITIVE_VOLUME,False,UNKNOWN
VAKBN.IS,2019-01-01,2019,1,2019-01-01,2019-01-01,True,True,False,True,True,POST_FIRST_POSITIVE_VOLUME,False,UNKNOWN
VAKBN.IS,2019-04-23,2019,1,2019-04-23,2019-04-23,True,True,False,True,True,POST_FIRST_POSITIVE_VOLUME,False,UNKNOWN
VAKBN.IS,2019-05-01,2019,1,2019-05-01,2019-05-01,True,True,False,True,True,POST_FIRST_POSITIVE_VOLUME,False,UNKNOWN
VAKBN.IS,2019-06-04,2019,3,2019-06-04,2019-06-06,True,True,False,True,True,POST_FIRST_POSITIVE_VOLUME,True,LEGITIMATE_NO_TRADE / SUSPENSION
VAKBN.IS,2019-06-05,2019,3,2019-06-04,2019-06-06,True,True,False,True,True,POST_FIRST_POSITIVE_VOLUME,True,LEGITIMATE_NO_TRADE / SUSPENSION
VAKBN.IS,2019-06-06,2019,3,2019-06-04,2019-06-06,True,True,False,True,True,POST_FIRST_POSITIVE_VOLUME,True,LEGITIMATE_NO_TRADE / SUSPENSION
VAKBN.IS,2019-07-15,2019,1,2019-07-15,2019-07-15,True,True,False,True,True,POST_FIRST_POSITIVE_VOLUME,False,UNKNOWN
VAKBN.IS,2019-08-12,2019,3,2019-08-12,2019-08-14,True,True,False,True,True,POST_FIRST_POSITIVE_VOLUME,True,LEGITIMATE_NO_TRADE / SUSPENSION
VAKBN.IS,2019-08-13,2019,3,2019-08-12,2019-08-14,True,True,False,True,True,POST_FIRST_POSITIVE_VOLUME,True,LEGITIMATE_NO_TRADE / SUSPENSION
VAKBN.IS,2019-08-14,2019,3,2019-08-12,2019-08-14,True,True,False,True,True,POST_FIRST_POSITIVE_VOLUME,True,LEGITIMATE_NO_TRADE / SUSPENSION
VAKBN.IS,2019-08-30,2019,1,2019-08-30,2019-08-30,True,True,False,True,True,POST_FIRST_POSITIVE_VOLUME,False,UNKNOWN
VAKBN.IS,2020-03-11,2020,1,2020-03-11,2020-03-11,True,True,False,True,True,POST_FIRST_POSITIVE_VOLUME,False,UNKNOWN
VAKBN.IS,2026-05-27,2026,3,2026-05-27,2026-05-29,True,True,False,True,True,POST_FIRST_POSITIVE_VOLUME,True,LEGITIMATE_NO_TRADE / SUSPENSION
VAKBN.IS,2026-05-28,2026,3,2026-05-27,2026-05-29,True,True,False,True,True,POST_FIRST_POSITIVE_VOLUME,True,LEGITIMATE_NO_TRADE / SUSPENSION
VAKBN.IS,2026-05-29,2026,3,2026-05-27,2026-05-29,True,True,False,True,True,POST_FIRST_POSITIVE_VOLUME,True,LEGITIMATE_NO_TRADE / SUSPENSION
HALKB.IS,2018-04-23,2018,1,2018-04-23,2018-04-23,True,True,False,True,True,POST_FIRST_POSITIVE_VOLUME,False,UNKNOWN
HALKB.IS,2018-05-01,2018,1,2018-05-01,2018-05-01,True,True,False,True,True,POST_FIRST_POSITIVE_VOLUME,False,UNKNOWN
HALKB.IS,2018-06-15,2018,1,2018-06-15,2018-06-15,True,True,False,True,True,POST_FIRST_POSITIVE_VOLUME,False,UNKNOWN
HALKB.IS,2018-08-21,2018,4,2018-08-21,2018-08-24,True,True,False,True,True,POST_FIRST_POSITIVE_VOLUME,True,LEGITIMATE_NO_TRADE / SUSPENSION
HALKB.IS,2018-08-22,2018,4,2018-08-21,2018-08-24,True,True,False,True,True,POST_FIRST_POSITIVE_VOLUME,True,LEGITIMATE_NO_TRADE / SUSPENSION
HALKB.IS,2018-08-23,2018,4,2018-08-21,2018-08-24,True,True,False,True,True,POST_FIRST_POSITIVE_VOLUME,True,LEGITIMATE_NO_TRADE / SUSPENSION
HALKB.IS,2018-08-24,2018,4,2018-08-21,2018-08-24,True,True,False,True,True,POST_FIRST_POSITIVE_VOLUME,True,LEGITIMATE_NO_TRADE / SUSPENSION
HALKB.IS,2018-08-30,2018,1,2018-08-30,2018-08-30,True,True,False,True,True,POST_FIRST_POSITIVE_VOLUME,False,UNKNOWN
HALKB.IS,2018-10-29,2018,1,2018-10-29,2018-10-29,True,True,False,True,True,POST_FIRST_POSITIVE_VOLUME,False,UNKNOWN
HALKB.IS,2019-01-01,2019,1,2019-01-01,2019-01-01,True,True,False,True,True,POST_FIRST_POSITIVE_VOLUME,False,UNKNOWN
HALKB.IS,2019-04-23,2019,1,2019-04-23,2019-04-23,True,True,False,True,True,POST_FIRST_POSITIVE_VOLUME,False,UNKNOWN
HALKB.IS,2019-05-01,2019,1,2019-05-01,2019-05-01,True,True,False,True,True,POST_FIRST_POSITIVE_VOLUME,False,UNKNOWN
HALKB.IS,2019-06-04,2019,3,2019-06-04,2019-06-06,True,True,False,True,True,POST_FIRST_POSITIVE_VOLUME,True,LEGITIMATE_NO_TRADE / SUSPENSION
HALKB.IS,2019-06-05,2019,3,2019-06-04,2019-06-06,True,True,False,True,True,POST_FIRST_POSITIVE_VOLUME,True,LEGITIMATE_NO_TRADE / SUSPENSION
HALKB.IS,2019-06-06,2019,3,2019-06-04,2019-06-06,True,True,False,True,True,POST_FIRST_POSITIVE_VOLUME,True,LEGITIMATE_NO_TRADE / SUSPENSION
HALKB.IS,2019-07-15,2019,1,2019-07-15,2019-07-15,True,True,False,True,True,POST_FIRST_POSITIVE_VOLUME,False,UNKNOWN
HALKB.IS,2019-08-12,2019,3,2019-08-12,2019-08-14,True,True,False,True,True,POST_FIRST_POSITIVE_VOLUME,True,LEGITIMATE_NO_TRADE / SUSPENSION
HALKB.IS,2019-08-13,2019,3,2019-08-12,2019-08-14,True,True,False,True,True,POST_FIRST_POSITIVE_VOLUME,True,LEGITIMATE_NO_TRADE / SUSPENSION
HALKB.IS,2019-08-14,2019,3,2019-08-12,2019-08-14,True,True,False,True,True,POST_FIRST_POSITIVE_VOLUME,True,LEGITIMATE_NO_TRADE / SUSPENSION
HALKB.IS,2019-08-30,2019,1,2019-08-30,2019-08-30,True,True,False,True,True,POST_FIRST_POSITIVE_VOLUME,False,UNKNOWN
HALKB.IS,2020-03-11,2020,1,2020-03-11,2020-03-11,True,True,False,True,True,POST_FIRST_POSITIVE_VOLUME,False,UNKNOWN
HALKB.IS,2026-05-27,2026,3,2026-05-27,2026-05-29,True,True,False,True,True,POST_FIRST_POSITIVE_VOLUME,True,LEGITIMATE_NO_TRADE / SUSPENSION
HALKB.IS,2026-05-28,2026,3,2026-05-27,2026-05-29,True,True,False,True,True,POST_FIRST_POSITIVE_VOLUME,True,LEGITIMATE_NO_TRADE / SUSPENSION
HALKB.IS,2026-05-29,2026,3,2026-05-27,2026-05-29,True,True,False,True,True,POST_FIRST_POSITIVE_VOLUME,True,LEGITIMATE_NO_TRADE / SUSPENSION
TSKB.IS,2018-04-23,2018,1,2018-04-23,2018-04-23,True,True,False,True,True,POST_FIRST_POSITIVE_VOLUME,False,UNKNOWN
TSKB.IS,2018-05-01,2018,1,2018-05-01,2018-05-01,True,True,False,True,True,POST_FIRST_POSITIVE_VOLUME,False,UNKNOWN
TSKB.IS,2018-06-15,2018,1,2018-06-15,2018-06-15,True,True,False,True,True,POST_FIRST_POSITIVE_VOLUME,False,UNKNOWN
TSKB.IS,2018-08-21,2018,4,2018-08-21,2018-08-24,True,True,False,True,True,POST_FIRST_POSITIVE_VOLUME,True,LEGITIMATE_NO_TRADE / SUSPENSION
TSKB.IS,2018-08-22,2018,4,2018-08-21,2018-08-24,True,True,False,True,True,POST_FIRST_POSITIVE_VOLUME,True,LEGITIMATE_NO_TRADE / SUSPENSION
TSKB.IS,2018-08-23,2018,4,2018-08-21,2018-08-24,True,True,False,True,True,POST_FIRST_POSITIVE_VOLUME,True,LEGITIMATE_NO_TRADE / SUSPENSION
TSKB.IS,2018-08-24,2018,4,2018-08-21,2018-08-24,True,True,False,True,True,POST_FIRST_POSITIVE_VOLUME,True,LEGITIMATE_NO_TRADE / SUSPENSION
TSKB.IS,2018-08-30,2018,1,2018-08-30,2018-08-30,True,True,False,True,True,POST_FIRST_POSITIVE_VOLUME,False,UNKNOWN
TSKB.IS,2018-10-29,2018,1,2018-10-29,2018-10-29,True,True,False,True,True,POST_FIRST_POSITIVE_VOLUME,False,UNKNOWN
TSKB.IS,2019-01-01,2019,1,2019-01-01,2019-01-01,True,True,False,True,True,POST_FIRST_POSITIVE_VOLUME,False,UNKNOWN
TSKB.IS,2019-04-23,2019,1,2019-04-23,2019-04-23,True,True,False,True,True,POST_FIRST_POSITIVE_VOLUME,False,UNKNOWN
TSKB.IS,2019-05-01,2019,1,2019-05-01,2019-05-01,True,True,False,True,True,POST_FIRST_POSITIVE_VOLUME,False,UNKNOWN
TSKB.IS,2019-06-04,2019,3,2019-06-04,2019-06-06,True,True,False,True,True,POST_FIRST_POSITIVE_VOLUME,True,LEGITIMATE_NO_TRADE / SUSPENSION
TSKB.IS,2019-06-05,2019,3,2019-06-04,2019-06-06,True,True,False,True,True,POST_FIRST_POSITIVE_VOLUME,True,LEGITIMATE_NO_TRADE / SUSPENSION
TSKB.IS,2019-06-06,2019,3,2019-06-04,2019-06-06,True,True,False,True,True,POST_FIRST_POSITIVE_VOLUME,True,LEGITIMATE_NO_TRADE / SUSPENSION
TSKB.IS,2019-07-15,2019,1,2019-07-15,2019-07-15,True,True,False,True,True,POST_FIRST_POSITIVE_VOLUME,False,UNKNOWN
TSKB.IS,2019-08-12,2019,3,2019-08-12,2019-08-14,True,True,False,True,True,POST_FIRST_POSITIVE_VOLUME,True,LEGITIMATE_NO_TRADE / SUSPENSION
TSKB.IS,2019-08-13,2019,3,2019-08-12,2019-08-14,True,True,False,True,True,POST_FIRST_POSITIVE_VOLUME,True,LEGITIMATE_NO_TRADE / SUSPENSION
TSKB.IS,2019-08-14,2019,3,2019-08-12,2019-08-14,True,True,False,True,True,POST_FIRST_POSITIVE_VOLUME,True,LEGITIMATE_NO_TRADE / SUSPENSION
TSKB.IS,2019-08-30,2019,1,2019-08-30,2019-08-30,True,True,False,True,True,POST_FIRST_POSITIVE_VOLUME,False,UNKNOWN
TSKB.IS,2020-03-11,2020,1,2020-03-11,2020-03-11,True,True,False,True,True,POST_FIRST_POSITIVE_VOLUME,False,UNKNOWN
TSKB.IS,2020-10-30,2020,1,2020-10-30,2020-10-30,False,False,True,True,False,POST_FIRST_POSITIVE_VOLUME,False,MISSING_VOLUME_ONLY
TSKB.IS,2026-05-27,2026,3,2026-05-27,2026-05-29,True,True,False,True,True,POST_FIRST_POSITIVE_VOLUME,True,LEGITIMATE_NO_TRADE / SUSPENSION
TSKB.IS,2026-05-28,2026,3,2026-05-27,2026-05-29,True,True,False,True,True,POST_FIRST_POSITIVE_VOLUME,True,LEGITIMATE_NO_TRADE / SUSPENSION
TSKB.IS,2026-05-29,2026,3,2026-05-27,2026-05-29,True,True,False,True,True,POST_FIRST_POSITIVE_VOLUME,True,LEGITIMATE_NO_TRADE / SUSPENSION
SKBNK.IS,2018-04-23,2018,1,2018-04-23,2018-04-23,True,True,False,True,True,POST_FIRST_POSITIVE_VOLUME,False,UNKNOWN
SKBNK.IS,2018-05-01,2018,1,2018-05-01,2018-05-01,True,True,False,True,True,POST_FIRST_POSITIVE_VOLUME,False,UNKNOWN
SKBNK.IS,2018-06-15,2018,1,2018-06-15,2018-06-15,True,True,False,True,True,POST_FIRST_POSITIVE_VOLUME,False,UNKNOWN
SKBNK.IS,2018-08-21,2018,4,2018-08-21,2018-08-24,True,True,False,True,True,POST_FIRST_POSITIVE_VOLUME,True,LEGITIMATE_NO_TRADE / SUSPENSION
SKBNK.IS,2018-08-22,2018,4,2018-08-21,2018-08-24,True,True,False,True,True,POST_FIRST_POSITIVE_VOLUME,True,LEGITIMATE_NO_TRADE / SUSPENSION
SKBNK.IS,2018-08-23,2018,4,2018-08-21,2018-08-24,True,True,False,True,True,POST_FIRST_POSITIVE_VOLUME,True,LEGITIMATE_NO_TRADE / SUSPENSION
SKBNK.IS,2018-08-24,2018,4,2018-08-21,2018-08-24,True,True,False,True,True,POST_FIRST_POSITIVE_VOLUME,True,LEGITIMATE_NO_TRADE / SUSPENSION
SKBNK.IS,2018-08-30,2018,1,2018-08-30,2018-08-30,True,True,False,True,True,POST_FIRST_POSITIVE_VOLUME,False,UNKNOWN
SKBNK.IS,2018-10-29,2018,1,2018-10-29,2018-10-29,True,True,False,True,True,POST_FIRST_POSITIVE_VOLUME,False,UNKNOWN
SKBNK.IS,2019-01-01,2019,1,2019-01-01,2019-01-01,True,True,False,True,True,POST_FIRST_POSITIVE_VOLUME,False,UNKNOWN
SKBNK.IS,2019-04-23,2019,1,2019-04-23,2019-04-23,True,True,False,True,True,POST_FIRST_POSITIVE_VOLUME,False,UNKNOWN
SKBNK.IS,2019-05-01,2019,1,2019-05-01,2019-05-01,True,True,False,True,True,POST_FIRST_POSITIVE_VOLUME,False,UNKNOWN
SKBNK.IS,2019-06-04,2019,3,2019-06-04,2019-06-06,True,True,False,True,True,POST_FIRST_POSITIVE_VOLUME,True,LEGITIMATE_NO_TRADE / SUSPENSION
SKBNK.IS,2019-06-05,2019,3,2019-06-04,2019-06-06,True,True,False,True,True,POST_FIRST_POSITIVE_VOLUME,True,LEGITIMATE_NO_TRADE / SUSPENSION
SKBNK.IS,2019-06-06,2019,3,2019-06-04,2019-06-06,True,True,False,True,True,POST_FIRST_POSITIVE_VOLUME,True,LEGITIMATE_NO_TRADE / SUSPENSION
SKBNK.IS,2019-07-15,2019,1,2019-07-15,2019-07-15,True,True,False,True,True,POST_FIRST_POSITIVE_VOLUME,False,UNKNOWN
SKBNK.IS,2019-08-12,2019,3,2019-08-12,2019-08-14,True,True,False,True,True,POST_FIRST_POSITIVE_VOLUME,True,LEGITIMATE_NO_TRADE / SUSPENSION
SKBNK.IS,2019-08-13,2019,3,2019-08-12,2019-08-14,True,True,False,True,True,POST_FIRST_POSITIVE_VOLUME,True,LEGITIMATE_NO_TRADE / SUSPENSION
SKBNK.IS,2019-08-14,2019,3,2019-08-12,2019-08-14,True,True,False,True,True,POST_FIRST_POSITIVE_VOLUME,True,LEGITIMATE_NO_TRADE / SUSPENSION
SKBNK.IS,2019-08-30,2019,1,2019-08-30,2019-08-30,True,True,False,True,True,POST_FIRST_POSITIVE_VOLUME,False,UNKNOWN
SKBNK.IS,2020-03-11,2020,1,2020-03-11,2020-03-11,True,True,False,True,True,POST_FIRST_POSITIVE_VOLUME,False,UNKNOWN
SKBNK.IS,2026-05-27,2026,3,2026-05-27,2026-05-29,True,True,False,True,True,POST_FIRST_POSITIVE_VOLUME,True,LEGITIMATE_NO_TRADE / SUSPENSION
SKBNK.IS,2026-05-28,2026,3,2026-05-27,2026-05-29,True,True,False,True,True,POST_FIRST_POSITIVE_VOLUME,True,LEGITIMATE_NO_TRADE / SUSPENSION
SKBNK.IS,2026-05-29,2026,3,2026-05-27,2026-05-29,True,True,False,True,True,POST_FIRST_POSITIVE_VOLUME,True,LEGITIMATE_NO_TRADE / SUSPENSION
SISE.IS,2018-04-23,2018,1,2018-04-23,2018-04-23,True,True,False,True,True,POST_FIRST_POSITIVE_VOLUME,False,UNKNOWN
SISE.IS,2018-05-01,2018,1,2018-05-01,2018-05-01,True,True,False,True,True,POST_FIRST_POSITIVE_VOLUME,False,UNKNOWN
SISE.IS,2018-06-15,2018,1,2018-06-15,2018-06-15,True,True,False,True,True,POST_FIRST_POSITIVE_VOLUME,False,UNKNOWN
SISE.IS,2018-08-21,2018,4,2018-08-21,2018-08-24,True,True,False,True,True,POST_FIRST_POSITIVE_VOLUME,True,LEGITIMATE_NO_TRADE / SUSPENSION
SISE.IS,2018-08-22,2018,4,2018-08-21,2018-08-24,True,True,False,True,True,POST_FIRST_POSITIVE_VOLUME,True,LEGITIMATE_NO_TRADE / SUSPENSION
SISE.IS,2018-08-23,2018,4,2018-08-21,2018-08-24,True,True,False,True,True,POST_FIRST_POSITIVE_VOLUME,True,LEGITIMATE_NO_TRADE / SUSPENSION
SISE.IS,2018-08-24,2018,4,2018-08-21,2018-08-24,True,True,False,True,True,POST_FIRST_POSITIVE_VOLUME,True,LEGITIMATE_NO_TRADE / SUSPENSION
SISE.IS,2018-08-30,2018,1,2018-08-30,2018-08-30,True,True,False,True,True,POST_FIRST_POSITIVE_VOLUME,False,UNKNOWN
SISE.IS,2018-10-29,2018,1,2018-10-29,2018-10-29,True,True,False,True,True,POST_FIRST_POSITIVE_VOLUME,False,UNKNOWN
SISE.IS,2019-01-01,2019,1,2019-01-01,2019-01-01,True,True,False,True,True,POST_FIRST_POSITIVE_VOLUME,False,UNKNOWN
SISE.IS,2019-04-23,2019,1,2019-04-23,2019-04-23,True,True,False,True,True,POST_FIRST_POSITIVE_VOLUME,False,UNKNOWN
SISE.IS,2019-05-01,2019,1,2019-05-01,2019-05-01,True,True,False,True,True,POST_FIRST_POSITIVE_VOLUME,False,UNKNOWN
SISE.IS,2019-06-04,2019,3,2019-06-04,2019-06-06,True,True,False,True,True,POST_FIRST_POSITIVE_VOLUME,True,LEGITIMATE_NO_TRADE / SUSPENSION
SISE.IS,2019-06-05,2019,3,2019-06-04,2019-06-06,True,True,False,True,True,POST_FIRST_POSITIVE_VOLUME,True,LEGITIMATE_NO_TRADE / SUSPENSION
SISE.IS,2019-06-06,2019,3,2019-06-04,2019-06-06,True,True,False,True,True,POST_FIRST_POSITIVE_VOLUME,True,LEGITIMATE_NO_TRADE / SUSPENSION
SISE.IS,2019-07-15,2019,1,2019-07-15,2019-07-15,True,True,False,True,True,POST_FIRST_POSITIVE_VOLUME,False,UNKNOWN
SISE.IS,2019-08-12,2019,3,2019-08-12,2019-08-14,True,True,False,True,True,POST_FIRST_POSITIVE_VOLUME,True,LEGITIMATE_NO_TRADE / SUSPENSION
SISE.IS,2019-08-13,2019,3,2019-08-12,2019-08-14,True,True,False,True,True,POST_FIRST_POSITIVE_VOLUME,True,LEGITIMATE_NO_TRADE / SUSPENSION
SISE.IS,2019-08-14,2019,3,2019-08-12,2019-08-14,True,True,False,True,True,POST_FIRST_POSITIVE_VOLUME,True,LEGITIMATE_NO_TRADE / SUSPENSION
SISE.IS,2019-08-30,2019,1,2019-08-30,2019-08-30,True,True,False,True,True,POST_FIRST_POSITIVE_VOLUME,False,UNKNOWN
SISE.IS,2020-03-11,2020,1,2020-03-11,2020-03-11,True,True,False,True,True,POST_FIRST_POSITIVE_VOLUME,False,UNKNOWN
SISE.IS,2026-05-27,2026,3,2026-05-27,2026-05-29,True,True,False,True,True,POST_FIRST_POSITIVE_VOLUME,True,LEGITIMATE_NO_TRADE / SUSPENSION
SISE.IS,2026-05-28,2026,3,2026-05-27,2026-05-29,True,True,False,True,True,POST_FIRST_POSITIVE_VOLUME,True,LEGITIMATE_NO_TRADE / SUSPENSION
SISE.IS,2026-05-29,2026,3,2026-05-27,2026-05-29,True,True,False,True,True,POST_FIRST_POSITIVE_VOLUME,True,LEGITIMATE_NO_TRADE / SUSPENSION
FROTO.IS,2018-04-23,2018,1,2018-04-23,2018-04-23,True,True,False,True,False,POST_FIRST_POSITIVE_VOLUME,False,MISSING_VOLUME_ONLY
FROTO.IS,2018-05-01,2018,1,2018-05-01,2018-05-01,True,True,False,True,True,POST_FIRST_POSITIVE_VOLUME,False,UNKNOWN
FROTO.IS,2018-06-15,2018,1,2018-06-15,2018-06-15,True,True,False,True,True,POST_FIRST_POSITIVE_VOLUME,False,UNKNOWN
FROTO.IS,2018-08-21,2018,4,2018-08-21,2018-08-24,True,True,False,True,True,POST_FIRST_POSITIVE_VOLUME,True,LEGITIMATE_NO_TRADE / SUSPENSION
FROTO.IS,2018-08-22,2018,4,2018-08-21,2018-08-24,True,True,False,True,True,POST_FIRST_POSITIVE_VOLUME,True,LEGITIMATE_NO_TRADE / SUSPENSION
FROTO.IS,2018-08-23,2018,4,2018-08-21,2018-08-24,True,True,False,True,True,POST_FIRST_POSITIVE_VOLUME,True,LEGITIMATE_NO_TRADE / SUSPENSION
FROTO.IS,2018-08-24,2018,4,2018-08-21,2018-08-24,True,True,False,True,True,POST_FIRST_POSITIVE_VOLUME,True,LEGITIMATE_NO_TRADE / SUSPENSION
FROTO.IS,2018-08-30,2018,1,2018-08-30,2018-08-30,True,True,False,True,False,POST_FIRST_POSITIVE_VOLUME,False,MISSING_VOLUME_ONLY
FROTO.IS,2018-10-29,2018,1,2018-10-29,2018-10-29,True,True,False,True,True,POST_FIRST_POSITIVE_VOLUME,False,UNKNOWN
FROTO.IS,2019-01-01,2019,1,2019-01-01,2019-01-01,True,True,False,True,True,POST_FIRST_POSITIVE_VOLUME,False,UNKNOWN
FROTO.IS,2019-04-23,2019,1,2019-04-23,2019-04-23,True,True,False,True,True,POST_FIRST_POSITIVE_VOLUME,False,UNKNOWN
FROTO.IS,2019-05-01,2019,1,2019-05-01,2019-05-01,True,True,False,True,True,POST_FIRST_POSITIVE_VOLUME,False,UNKNOWN
FROTO.IS,2019-06-04,2019,3,2019-06-04,2019-06-06,True,True,False,True,True,POST_FIRST_POSITIVE_VOLUME,True,LEGITIMATE_NO_TRADE / SUSPENSION
FROTO.IS,2019-06-05,2019,3,2019-06-04,2019-06-06,True,True,False,True,True,POST_FIRST_POSITIVE_VOLUME,True,LEGITIMATE_NO_TRADE / SUSPENSION
FROTO.IS,2019-06-06,2019,3,2019-06-04,2019-06-06,True,True,False,True,True,POST_FIRST_POSITIVE_VOLUME,True,LEGITIMATE_NO_TRADE / SUSPENSION
FROTO.IS,2019-07-15,2019,1,2019-07-15,2019-07-15,True,True,False,True,False,POST_FIRST_POSITIVE_VOLUME,False,MISSING_VOLUME_ONLY
FROTO.IS,2019-08-12,2019,3,2019-08-12,2019-08-14,True,True,False,True,False,POST_FIRST_POSITIVE_VOLUME,False,MISSING_VOLUME_ONLY
FROTO.IS,2019-08-13,2019,3,2019-08-12,2019-08-14,True,True,False,True,False,POST_FIRST_POSITIVE_VOLUME,False,MISSING_VOLUME_ONLY
FROTO.IS,2019-08-14,2019,3,2019-08-12,2019-08-14,True,True,False,True,False,POST_FIRST_POSITIVE_VOLUME,False,MISSING_VOLUME_ONLY
FROTO.IS,2019-08-30,2019,1,2019-08-30,2019-08-30,True,True,False,True,True,POST_FIRST_POSITIVE_VOLUME,False,UNKNOWN
FROTO.IS,2024-04-09,2024,1,2024-04-09,2024-04-09,True,True,False,True,True,POST_FIRST_POSITIVE_VOLUME,False,UNKNOWN
FROTO.IS,2026-05-27,2026,3,2026-05-27,2026-05-29,True,True,False,True,True,POST_FIRST_POSITIVE_VOLUME,True,LEGITIMATE_NO_TRADE / SUSPENSION
FROTO.IS,2026-05-28,2026,3,2026-05-27,2026-05-29,True,True,False,True,True,POST_FIRST_POSITIVE_VOLUME,True,LEGITIMATE_NO_TRADE / SUSPENSION
FROTO.IS,2026-05-29,2026,3,2026-05-27,2026-05-29,True,True,False,True,True,POST_FIRST_POSITIVE_VOLUME,True,LEGITIMATE_NO_TRADE / SUSPENSION
TOASO.IS,2018-04-23,2018,1,2018-04-23,2018-04-23,True,True,False,True,True,POST_FIRST_POSITIVE_VOLUME,False,UNKNOWN
TOASO.IS,2018-05-01,2018,1,2018-05-01,2018-05-01,True,True,False,True,True,POST_FIRST_POSITIVE_VOLUME,False,UNKNOWN
TOASO.IS,2018-06-15,2018,1,2018-06-15,2018-06-15,True,True,False,True,True,POST_FIRST_POSITIVE_VOLUME,False,UNKNOWN
TOASO.IS,2018-08-21,2018,4,2018-08-21,2018-08-24,True,True,False,True,False,POST_FIRST_POSITIVE_VOLUME,False,MISSING_VOLUME_ONLY
TOASO.IS,2018-08-22,2018,4,2018-08-21,2018-08-24,True,True,False,True,False,POST_FIRST_POSITIVE_VOLUME,False,MISSING_VOLUME_ONLY
TOASO.IS,2018-08-23,2018,4,2018-08-21,2018-08-24,True,True,False,True,False,POST_FIRST_POSITIVE_VOLUME,False,MISSING_VOLUME_ONLY
TOASO.IS,2018-08-24,2018,4,2018-08-21,2018-08-24,True,True,False,True,False,POST_FIRST_POSITIVE_VOLUME,False,MISSING_VOLUME_ONLY
TOASO.IS,2018-08-30,2018,1,2018-08-30,2018-08-30,True,True,False,True,False,POST_FIRST_POSITIVE_VOLUME,False,MISSING_VOLUME_ONLY
TOASO.IS,2018-10-29,2018,1,2018-10-29,2018-10-29,True,True,False,True,True,POST_FIRST_POSITIVE_VOLUME,False,UNKNOWN
TOASO.IS,2019-01-01,2019,1,2019-01-01,2019-01-01,True,True,False,True,False,POST_FIRST_POSITIVE_VOLUME,False,MISSING_VOLUME_ONLY
TOASO.IS,2019-04-23,2019,1,2019-04-23,2019-04-23,True,True,False,True,True,POST_FIRST_POSITIVE_VOLUME,False,UNKNOWN
TOASO.IS,2019-05-01,2019,1,2019-05-01,2019-05-01,True,True,False,True,True,POST_FIRST_POSITIVE_VOLUME,False,UNKNOWN
TOASO.IS,2019-06-04,2019,3,2019-06-04,2019-06-06,True,True,False,True,True,POST_FIRST_POSITIVE_VOLUME,True,LEGITIMATE_NO_TRADE / SUSPENSION
TOASO.IS,2019-06-05,2019,3,2019-06-04,2019-06-06,True,True,False,True,True,POST_FIRST_POSITIVE_VOLUME,True,LEGITIMATE_NO_TRADE / SUSPENSION
TOASO.IS,2019-06-06,2019,3,2019-06-04,2019-06-06,True,True,False,True,True,POST_FIRST_POSITIVE_VOLUME,True,LEGITIMATE_NO_TRADE / SUSPENSION
TOASO.IS,2019-07-15,2019,1,2019-07-15,2019-07-15,True,True,False,True,True,POST_FIRST_POSITIVE_VOLUME,False,UNKNOWN
TOASO.IS,2019-08-12,2019,3,2019-08-12,2019-08-14,True,True,False,True,True,POST_FIRST_POSITIVE_VOLUME,True,LEGITIMATE_NO_TRADE / SUSPENSION
TOASO.IS,2019-08-13,2019,3,2019-08-12,2019-08-14,True,True,False,True,True,POST_FIRST_POSITIVE_VOLUME,True,LEGITIMATE_NO_TRADE / SUSPENSION
TOASO.IS,2019-08-14,2019,3,2019-08-12,2019-08-14,True,True,False,True,True,POST_FIRST_POSITIVE_VOLUME,True,LEGITIMATE_NO_TRADE / SUSPENSION
TOASO.IS,2019-08-30,2019,1,2019-08-30,2019-08-30,True,True,False,True,True,POST_FIRST_POSITIVE_VOLUME,False,UNKNOWN
TOASO.IS,2020-03-11,2020,1,2020-03-11,2020-03-11,True,True,False,True,True,POST_FIRST_POSITIVE_VOLUME,False,UNKNOWN
TOASO.IS,2026-05-27,2026,3,2026-05-27,2026-05-29,True,True,False,True,True,POST_FIRST_POSITIVE_VOLUME,True,LEGITIMATE_NO_TRADE / SUSPENSION
TOASO.IS,2026-05-28,2026,3,2026-05-27,2026-05-29,True,True,False,True,True,POST_FIRST_POSITIVE_VOLUME,True,LEGITIMATE_NO_TRADE / SUSPENSION
TOASO.IS,2026-05-29,2026,3,2026-05-27,2026-05-29,True,True,False,True,True,POST_FIRST_POSITIVE_VOLUME,True,LEGITIMATE_NO_TRADE / SUSPENSION
DOAS.IS,2018-04-23,2018,1,2018-04-23,2018-04-23,True,True,False,True,True,POST_FIRST_POSITIVE_VOLUME,False,UNKNOWN
DOAS.IS,2018-05-01,2018,1,2018-05-01,2018-05-01,True,True,False,True,True,POST_FIRST_POSITIVE_VOLUME,False,UNKNOWN
DOAS.IS,2018-06-15,2018,1,2018-06-15,2018-06-15,True,True,False,True,True,POST_FIRST_POSITIVE_VOLUME,False,UNKNOWN
DOAS.IS,2018-08-21,2018,4,2018-08-21,2018-08-24,True,True,False,True,True,POST_FIRST_POSITIVE_VOLUME,True,LEGITIMATE_NO_TRADE / SUSPENSION
DOAS.IS,2018-08-22,2018,4,2018-08-21,2018-08-24,True,True,False,True,True,POST_FIRST_POSITIVE_VOLUME,True,LEGITIMATE_NO_TRADE / SUSPENSION
DOAS.IS,2018-08-23,2018,4,2018-08-21,2018-08-24,True,True,False,True,True,POST_FIRST_POSITIVE_VOLUME,True,LEGITIMATE_NO_TRADE / SUSPENSION
DOAS.IS,2018-08-24,2018,4,2018-08-21,2018-08-24,True,True,False,True,True,POST_FIRST_POSITIVE_VOLUME,True,LEGITIMATE_NO_TRADE / SUSPENSION
DOAS.IS,2018-08-30,2018,1,2018-08-30,2018-08-30,True,True,False,True,True,POST_FIRST_POSITIVE_VOLUME,False,UNKNOWN
DOAS.IS,2018-10-29,2018,1,2018-10-29,2018-10-29,True,True,False,True,True,POST_FIRST_POSITIVE_VOLUME,False,UNKNOWN
DOAS.IS,2019-01-01,2019,1,2019-01-01,2019-01-01,True,True,False,True,False,POST_FIRST_POSITIVE_VOLUME,False,MISSING_VOLUME_ONLY
DOAS.IS,2019-04-23,2019,1,2019-04-23,2019-04-23,True,True,False,True,True,POST_FIRST_POSITIVE_VOLUME,False,UNKNOWN
DOAS.IS,2019-05-01,2019,1,2019-05-01,2019-05-01,True,True,False,True,True,POST_FIRST_POSITIVE_VOLUME,False,UNKNOWN
DOAS.IS,2019-06-04,2019,3,2019-06-04,2019-06-06,True,True,False,True,True,POST_FIRST_POSITIVE_VOLUME,True,LEGITIMATE_NO_TRADE / SUSPENSION
DOAS.IS,2019-06-05,2019,3,2019-06-04,2019-06-06,True,True,False,True,True,POST_FIRST_POSITIVE_VOLUME,True,LEGITIMATE_NO_TRADE / SUSPENSION
DOAS.IS,2019-06-06,2019,3,2019-06-04,2019-06-06,True,True,False,True,True,POST_FIRST_POSITIVE_VOLUME,True,LEGITIMATE_NO_TRADE / SUSPENSION
DOAS.IS,2019-07-15,2019,1,2019-07-15,2019-07-15,True,True,False,True,True,POST_FIRST_POSITIVE_VOLUME,False,UNKNOWN
DOAS.IS,2019-08-12,2019,3,2019-08-12,2019-08-14,True,True,False,True,True,POST_FIRST_POSITIVE_VOLUME,True,LEGITIMATE_NO_TRADE / SUSPENSION
DOAS.IS,2019-08-13,2019,3,2019-08-12,2019-08-14,True,True,False,True,True,POST_FIRST_POSITIVE_VOLUME,True,LEGITIMATE_NO_TRADE / SUSPENSION
DOAS.IS,2019-08-14,2019,3,2019-08-12,2019-08-14,True,True,False,True,True,POST_FIRST_POSITIVE_VOLUME,True,LEGITIMATE_NO_TRADE / SUSPENSION
DOAS.IS,2019-08-30,2019,1,2019-08-30,2019-08-30,True,True,False,True,True,POST_FIRST_POSITIVE_VOLUME,False,UNKNOWN
DOAS.IS,2020-03-11,2020,1,2020-03-11,2020-03-11,True,True,False,True,True,POST_FIRST_POSITIVE_VOLUME,False,UNKNOWN
DOAS.IS,2026-05-27,2026,3,2026-05-27,2026-05-29,True,True,False,True,True,POST_FIRST_POSITIVE_VOLUME,True,LEGITIMATE_NO_TRADE / SUSPENSION
DOAS.IS,2026-05-28,2026,3,2026-05-27,2026-05-29,True,True,False,True,True,POST_FIRST_POSITIVE_VOLUME,True,LEGITIMATE_NO_TRADE / SUSPENSION
DOAS.IS,2026-05-29,2026,3,2026-05-27,2026-05-29,True,True,False,True,True,POST_FIRST_POSITIVE_VOLUME,True,LEGITIMATE_NO_TRADE / SUSPENSION
OTKAR.IS,2018-04-23,2018,1,2018-04-23,2018-04-23,True,True,False,True,True,POST_FIRST_POSITIVE_VOLUME,False,UNKNOWN
OTKAR.IS,2018-05-01,2018,1,2018-05-01,2018-05-01,True,True,False,True,True,POST_FIRST_POSITIVE_VOLUME,False,UNKNOWN
OTKAR.IS,2018-06-15,2018,1,2018-06-15,2018-06-15,True,True,False,True,True,POST_FIRST_POSITIVE_VOLUME,False,UNKNOWN
OTKAR.IS,2018-08-21,2018,4,2018-08-21,2018-08-24,True,True,False,True,True,POST_FIRST_POSITIVE_VOLUME,True,LEGITIMATE_NO_TRADE / SUSPENSION
OTKAR.IS,2018-08-22,2018,4,2018-08-21,2018-08-24,True,True,False,True,True,POST_FIRST_POSITIVE_VOLUME,True,LEGITIMATE_NO_TRADE / SUSPENSION
OTKAR.IS,2018-08-23,2018,4,2018-08-21,2018-08-24,True,True,False,True,True,POST_FIRST_POSITIVE_VOLUME,True,LEGITIMATE_NO_TRADE / SUSPENSION
OTKAR.IS,2018-08-24,2018,4,2018-08-21,2018-08-24,True,True,False,True,True,POST_FIRST_POSITIVE_VOLUME,True,LEGITIMATE_NO_TRADE / SUSPENSION
OTKAR.IS,2018-08-30,2018,1,2018-08-30,2018-08-30,True,True,False,True,True,POST_FIRST_POSITIVE_VOLUME,False,UNKNOWN
OTKAR.IS,2018-10-29,2018,1,2018-10-29,2018-10-29,True,True,False,True,True,POST_FIRST_POSITIVE_VOLUME,False,UNKNOWN
OTKAR.IS,2019-01-01,2019,1,2019-01-01,2019-01-01,True,True,False,True,True,POST_FIRST_POSITIVE_VOLUME,False,UNKNOWN
OTKAR.IS,2019-04-23,2019,1,2019-04-23,2019-04-23,True,True,False,True,True,POST_FIRST_POSITIVE_VOLUME,False,UNKNOWN
OTKAR.IS,2019-05-01,2019,1,2019-05-01,2019-05-01,True,True,False,True,True,POST_FIRST_POSITIVE_VOLUME,False,UNKNOWN
OTKAR.IS,2019-06-04,2019,3,2019-06-04,2019-06-06,True,True,False,True,True,POST_FIRST_POSITIVE_VOLUME,True,LEGITIMATE_NO_TRADE / SUSPENSION
OTKAR.IS,2019-06-05,2019,3,2019-06-04,2019-06-06,True,True,False,True,True,POST_FIRST_POSITIVE_VOLUME,True,LEGITIMATE_NO_TRADE / SUSPENSION
OTKAR.IS,2019-06-06,2019,3,2019-06-04,2019-06-06,True,True,False,True,True,POST_FIRST_POSITIVE_VOLUME,True,LEGITIMATE_NO_TRADE / SUSPENSION
OTKAR.IS,2019-07-15,2019,1,2019-07-15,2019-07-15,True,True,False,True,True,POST_FIRST_POSITIVE_VOLUME,False,UNKNOWN
OTKAR.IS,2019-08-12,2019,3,2019-08-12,2019-08-14,True,True,False,True,True,POST_FIRST_POSITIVE_VOLUME,True,LEGITIMATE_NO_TRADE / SUSPENSION
OTKAR.IS,2019-08-13,2019,3,2019-08-12,2019-08-14,True,True,False,True,True,POST_FIRST_POSITIVE_VOLUME,True,LEGITIMATE_NO_TRADE / SUSPENSION
OTKAR.IS,2019-08-14,2019,3,2019-08-12,2019-08-14,True,True,False,True,True,POST_FIRST_POSITIVE_VOLUME,True,LEGITIMATE_NO_TRADE / SUSPENSION
OTKAR.IS,2019-08-30,2019,1,2019-08-30,2019-08-30,True,True,False,True,True,POST_FIRST_POSITIVE_VOLUME,False,UNKNOWN
OTKAR.IS,2020-03-11,2020,1,2020-03-11,2020-03-11,True,True,False,True,True,POST_FIRST_POSITIVE_VOLUME,False,UNKNOWN
OTKAR.IS,2026-05-27,2026,3,2026-05-27,2026-05-29,True,True,False,True,True,POST_FIRST_POSITIVE_VOLUME,True,LEGITIMATE_NO_TRADE / SUSPENSION
OTKAR.IS,2026-05-28,2026,3,2026-05-27,2026-05-29,True,True,False,True,True,POST_FIRST_POSITIVE_VOLUME,True,LEGITIMATE_NO_TRADE / SUSPENSION
OTKAR.IS,2026-05-29,2026,3,2026-05-27,2026-05-29,True,True,False,True,True,POST_FIRST_POSITIVE_VOLUME,True,LEGITIMATE_NO_TRADE / SUSPENSION
TTRAK.IS,2018-04-23,2018,1,2018-04-23,2018-04-23,True,True,False,True,True,POST_FIRST_POSITIVE_VOLUME,False,UNKNOWN
TTRAK.IS,2018-05-01,2018,1,2018-05-01,2018-05-01,True,True,False,True,True,POST_FIRST_POSITIVE_VOLUME,False,UNKNOWN
TTRAK.IS,2018-06-15,2018,1,2018-06-15,2018-06-15,True,True,False,True,True,POST_FIRST_POSITIVE_VOLUME,False,UNKNOWN
TTRAK.IS,2018-08-21,2018,4,2018-08-21,2018-08-24,True,True,False,True,False,POST_FIRST_POSITIVE_VOLUME,False,MISSING_VOLUME_ONLY
TTRAK.IS,2018-08-22,2018,4,2018-08-21,2018-08-24,True,True,False,True,False,POST_FIRST_POSITIVE_VOLUME,False,MISSING_VOLUME_ONLY
TTRAK.IS,2018-08-23,2018,4,2018-08-21,2018-08-24,True,True,False,True,False,POST_FIRST_POSITIVE_VOLUME,False,MISSING_VOLUME_ONLY
TTRAK.IS,2018-08-24,2018,4,2018-08-21,2018-08-24,True,True,False,True,False,POST_FIRST_POSITIVE_VOLUME,False,MISSING_VOLUME_ONLY
TTRAK.IS,2018-08-30,2018,1,2018-08-30,2018-08-30,True,True,False,True,True,POST_FIRST_POSITIVE_VOLUME,False,UNKNOWN
TTRAK.IS,2018-10-29,2018,1,2018-10-29,2018-10-29,True,True,False,True,False,POST_FIRST_POSITIVE_VOLUME,False,MISSING_VOLUME_ONLY
TTRAK.IS,2019-01-01,2019,1,2019-01-01,2019-01-01,True,True,False,True,True,POST_FIRST_POSITIVE_VOLUME,False,UNKNOWN
TTRAK.IS,2019-04-23,2019,1,2019-04-23,2019-04-23,True,True,False,True,True,POST_FIRST_POSITIVE_VOLUME,False,UNKNOWN
TTRAK.IS,2019-05-01,2019,1,2019-05-01,2019-05-01,True,True,False,True,True,POST_FIRST_POSITIVE_VOLUME,False,UNKNOWN
TTRAK.IS,2019-06-04,2019,3,2019-06-04,2019-06-06,True,True,False,True,True,POST_FIRST_POSITIVE_VOLUME,True,LEGITIMATE_NO_TRADE / SUSPENSION
TTRAK.IS,2019-06-05,2019,3,2019-06-04,2019-06-06,True,True,False,True,True,POST_FIRST_POSITIVE_VOLUME,True,LEGITIMATE_NO_TRADE / SUSPENSION
TTRAK.IS,2019-06-06,2019,3,2019-06-04,2019-06-06,True,True,False,True,True,POST_FIRST_POSITIVE_VOLUME,True,LEGITIMATE_NO_TRADE / SUSPENSION
TTRAK.IS,2019-07-15,2019,1,2019-07-15,2019-07-15,True,True,False,True,True,POST_FIRST_POSITIVE_VOLUME,False,UNKNOWN
TTRAK.IS,2019-08-12,2019,3,2019-08-12,2019-08-14,True,True,False,True,True,POST_FIRST_POSITIVE_VOLUME,True,LEGITIMATE_NO_TRADE / SUSPENSION
TTRAK.IS,2019-08-13,2019,3,2019-08-12,2019-08-14,True,True,False,True,True,POST_FIRST_POSITIVE_VOLUME,True,LEGITIMATE_NO_TRADE / SUSPENSION
TTRAK.IS,2019-08-14,2019,3,2019-08-12,2019-08-14,True,True,False,True,True,POST_FIRST_POSITIVE_VOLUME,True,LEGITIMATE_NO_TRADE / SUSPENSION
TTRAK.IS,2019-08-30,2019,1,2019-08-30,2019-08-30,True,True,False,True,True,POST_FIRST_POSITIVE_VOLUME,False,UNKNOWN
TTRAK.IS,2020-03-11,2020,1,2020-03-11,2020-03-11,True,True,False,True,True,POST_FIRST_POSITIVE_VOLUME,False,UNKNOWN
TTRAK.IS,2026-05-27,2026,3,2026-05-27,2026-05-29,True,True,False,True,True,POST_FIRST_POSITIVE_VOLUME,True,LEGITIMATE_NO_TRADE / SUSPENSION
TTRAK.IS,2026-05-28,2026,3,2026-05-27,2026-05-29,True,True,False,True,True,POST_FIRST_POSITIVE_VOLUME,True,LEGITIMATE_NO_TRADE / SUSPENSION
TTRAK.IS,2026-05-29,2026,3,2026-05-27,2026-05-29,True,True,False,True,True,POST_FIRST_POSITIVE_VOLUME,True,LEGITIMATE_NO_TRADE / SUSPENSION
PGSUS.IS,2018-04-23,2018,1,2018-04-23,2018-04-23,True,True,False,True,True,POST_FIRST_POSITIVE_VOLUME,False,UNKNOWN
PGSUS.IS,2018-05-01,2018,1,2018-05-01,2018-05-01,True,True,False,True,True,POST_FIRST_POSITIVE_VOLUME,False,UNKNOWN
PGSUS.IS,2018-06-15,2018,1,2018-06-15,2018-06-15,True,True,False,True,True,POST_FIRST_POSITIVE_VOLUME,False,UNKNOWN
PGSUS.IS,2018-08-21,2018,4,2018-08-21,2018-08-24,True,True,False,True,True,POST_FIRST_POSITIVE_VOLUME,True,LEGITIMATE_NO_TRADE / SUSPENSION
PGSUS.IS,2018-08-22,2018,4,2018-08-21,2018-08-24,True,True,False,True,True,POST_FIRST_POSITIVE_VOLUME,True,LEGITIMATE_NO_TRADE / SUSPENSION
PGSUS.IS,2018-08-23,2018,4,2018-08-21,2018-08-24,True,True,False,True,True,POST_FIRST_POSITIVE_VOLUME,True,LEGITIMATE_NO_TRADE / SUSPENSION
PGSUS.IS,2018-08-24,2018,4,2018-08-21,2018-08-24,True,True,False,True,True,POST_FIRST_POSITIVE_VOLUME,True,LEGITIMATE_NO_TRADE / SUSPENSION
PGSUS.IS,2018-08-30,2018,1,2018-08-30,2018-08-30,True,True,False,True,True,POST_FIRST_POSITIVE_VOLUME,False,UNKNOWN
PGSUS.IS,2018-10-29,2018,1,2018-10-29,2018-10-29,True,True,False,True,True,POST_FIRST_POSITIVE_VOLUME,False,UNKNOWN
PGSUS.IS,2019-01-01,2019,1,2019-01-01,2019-01-01,True,True,False,True,True,POST_FIRST_POSITIVE_VOLUME,False,UNKNOWN
PGSUS.IS,2019-04-23,2019,1,2019-04-23,2019-04-23,True,True,False,True,True,POST_FIRST_POSITIVE_VOLUME,False,UNKNOWN
PGSUS.IS,2019-05-01,2019,1,2019-05-01,2019-05-01,True,True,False,True,True,POST_FIRST_POSITIVE_VOLUME,False,UNKNOWN
PGSUS.IS,2019-06-04,2019,3,2019-06-04,2019-06-06,True,True,False,True,True,POST_FIRST_POSITIVE_VOLUME,True,LEGITIMATE_NO_TRADE / SUSPENSION
PGSUS.IS,2019-06-05,2019,3,2019-06-04,2019-06-06,True,True,False,True,True,POST_FIRST_POSITIVE_VOLUME,True,LEGITIMATE_NO_TRADE / SUSPENSION
PGSUS.IS,2019-06-06,2019,3,2019-06-04,2019-06-06,True,True,False,True,True,POST_FIRST_POSITIVE_VOLUME,True,LEGITIMATE_NO_TRADE / SUSPENSION
PGSUS.IS,2019-07-15,2019,1,2019-07-15,2019-07-15,True,True,False,True,True,POST_FIRST_POSITIVE_VOLUME,False,UNKNOWN
PGSUS.IS,2019-08-12,2019,3,2019-08-12,2019-08-14,True,True,False,True,True,POST_FIRST_POSITIVE_VOLUME,True,LEGITIMATE_NO_TRADE / SUSPENSION
PGSUS.IS,2019-08-13,2019,3,2019-08-12,2019-08-14,True,True,False,True,True,POST_FIRST_POSITIVE_VOLUME,True,LEGITIMATE_NO_TRADE / SUSPENSION
PGSUS.IS,2019-08-14,2019,3,2019-08-12,2019-08-14,True,True,False,True,True,POST_FIRST_POSITIVE_VOLUME,True,LEGITIMATE_NO_TRADE / SUSPENSION
PGSUS.IS,2019-08-30,2019,1,2019-08-30,2019-08-30,True,True,False,True,True,POST_FIRST_POSITIVE_VOLUME,False,UNKNOWN
PGSUS.IS,2020-03-11,2020,1,2020-03-11,2020-03-11,True,True,False,True,True,POST_FIRST_POSITIVE_VOLUME,False,UNKNOWN
PGSUS.IS,2024-04-09,2024,1,2024-04-09,2024-04-09,True,True,False,True,True,POST_FIRST_POSITIVE_VOLUME,False,UNKNOWN
PGSUS.IS,2026-05-27,2026,3,2026-05-27,2026-05-29,True,True,False,True,True,POST_FIRST_POSITIVE_VOLUME,True,LEGITIMATE_NO_TRADE / SUSPENSION
PGSUS.IS,2026-05-28,2026,3,2026-05-27,2026-05-29,True,True,False,True,True,POST_FIRST_POSITIVE_VOLUME,True,LEGITIMATE_NO_TRADE / SUSPENSION
PGSUS.IS,2026-05-29,2026,3,2026-05-27,2026-05-29,True,True,False,True,True,POST_FIRST_POSITIVE_VOLUME,True,LEGITIMATE_NO_TRADE / SUSPENSION
TAVHL.IS,2018-04-23,2018,1,2018-04-23,2018-04-23,True,True,False,True,True,POST_FIRST_POSITIVE_VOLUME,False,UNKNOWN
TAVHL.IS,2018-05-01,2018,1,2018-05-01,2018-05-01,True,True,False,True,True,POST_FIRST_POSITIVE_VOLUME,False,UNKNOWN
TAVHL.IS,2018-06-15,2018,1,2018-06-15,2018-06-15,True,True,False,True,True,POST_FIRST_POSITIVE_VOLUME,False,UNKNOWN
TAVHL.IS,2018-08-21,2018,4,2018-08-21,2018-08-24,True,True,False,True,True,POST_FIRST_POSITIVE_VOLUME,True,LEGITIMATE_NO_TRADE / SUSPENSION
TAVHL.IS,2018-08-22,2018,4,2018-08-21,2018-08-24,True,True,False,True,True,POST_FIRST_POSITIVE_VOLUME,True,LEGITIMATE_NO_TRADE / SUSPENSION
TAVHL.IS,2018-08-23,2018,4,2018-08-21,2018-08-24,True,True,False,True,True,POST_FIRST_POSITIVE_VOLUME,True,LEGITIMATE_NO_TRADE / SUSPENSION
TAVHL.IS,2018-08-24,2018,4,2018-08-21,2018-08-24,True,True,False,True,True,POST_FIRST_POSITIVE_VOLUME,True,LEGITIMATE_NO_TRADE / SUSPENSION
TAVHL.IS,2018-08-30,2018,1,2018-08-30,2018-08-30,True,True,False,True,True,POST_FIRST_POSITIVE_VOLUME,False,UNKNOWN
TAVHL.IS,2018-10-29,2018,1,2018-10-29,2018-10-29,True,True,False,True,True,POST_FIRST_POSITIVE_VOLUME,False,UNKNOWN
TAVHL.IS,2019-01-01,2019,1,2019-01-01,2019-01-01,True,True,False,True,True,POST_FIRST_POSITIVE_VOLUME,False,UNKNOWN
TAVHL.IS,2019-04-23,2019,1,2019-04-23,2019-04-23,True,True,False,True,True,POST_FIRST_POSITIVE_VOLUME,False,UNKNOWN
TAVHL.IS,2019-05-01,2019,1,2019-05-01,2019-05-01,True,True,False,True,True,POST_FIRST_POSITIVE_VOLUME,False,UNKNOWN
TAVHL.IS,2019-06-04,2019,3,2019-06-04,2019-06-06,True,True,False,True,True,POST_FIRST_POSITIVE_VOLUME,True,LEGITIMATE_NO_TRADE / SUSPENSION
TAVHL.IS,2019-06-05,2019,3,2019-06-04,2019-06-06,True,True,False,True,True,POST_FIRST_POSITIVE_VOLUME,True,LEGITIMATE_NO_TRADE / SUSPENSION
TAVHL.IS,2019-06-06,2019,3,2019-06-04,2019-06-06,True,True,False,True,True,POST_FIRST_POSITIVE_VOLUME,True,LEGITIMATE_NO_TRADE / SUSPENSION
TAVHL.IS,2019-07-15,2019,1,2019-07-15,2019-07-15,True,True,False,True,True,POST_FIRST_POSITIVE_VOLUME,False,UNKNOWN
TAVHL.IS,2019-08-12,2019,3,2019-08-12,2019-08-14,True,True,False,True,True,POST_FIRST_POSITIVE_VOLUME,True,LEGITIMATE_NO_TRADE / SUSPENSION
TAVHL.IS,2019-08-13,2019,3,2019-08-12,2019-08-14,True,True,False,True,True,POST_FIRST_POSITIVE_VOLUME,True,LEGITIMATE_NO_TRADE / SUSPENSION
TAVHL.IS,2019-08-14,2019,3,2019-08-12,2019-08-14,True,True,False,True,True,POST_FIRST_POSITIVE_VOLUME,True,LEGITIMATE_NO_TRADE / SUSPENSION
TAVHL.IS,2019-08-30,2019,1,2019-08-30,2019-08-30,True,True,False,True,True,POST_FIRST_POSITIVE_VOLUME,False,UNKNOWN
TAVHL.IS,2020-03-11,2020,1,2020-03-11,2020-03-11,True,True,False,True,True,POST_FIRST_POSITIVE_VOLUME,False,UNKNOWN
TAVHL.IS,2026-05-27,2026,3,2026-05-27,2026-05-29,True,True,False,True,True,POST_FIRST_POSITIVE_VOLUME,True,LEGITIMATE_NO_TRADE / SUSPENSION
TAVHL.IS,2026-05-28,2026,3,2026-05-27,2026-05-29,True,True,False,True,True,POST_FIRST_POSITIVE_VOLUME,True,LEGITIMATE_NO_TRADE / SUSPENSION
TAVHL.IS,2026-05-29,2026,3,2026-05-27,2026-05-29,True,True,False,True,True,POST_FIRST_POSITIVE_VOLUME,True,LEGITIMATE_NO_TRADE / SUSPENSION
CLEBI.IS,2018-04-23,2018,1,2018-04-23,2018-04-23,True,True,False,True,True,POST_FIRST_POSITIVE_VOLUME,False,UNKNOWN
CLEBI.IS,2018-05-01,2018,1,2018-05-01,2018-05-01,True,True,False,True,True,POST_FIRST_POSITIVE_VOLUME,False,UNKNOWN
CLEBI.IS,2018-06-15,2018,1,2018-06-15,2018-06-15,True,True,False,True,True,POST_FIRST_POSITIVE_VOLUME,False,UNKNOWN
CLEBI.IS,2018-08-21,2018,4,2018-08-21,2018-08-24,True,True,False,True,True,POST_FIRST_POSITIVE_VOLUME,True,LEGITIMATE_NO_TRADE / SUSPENSION
CLEBI.IS,2018-08-22,2018,4,2018-08-21,2018-08-24,True,True,False,True,True,POST_FIRST_POSITIVE_VOLUME,True,LEGITIMATE_NO_TRADE / SUSPENSION
CLEBI.IS,2018-08-23,2018,4,2018-08-21,2018-08-24,True,True,False,True,True,POST_FIRST_POSITIVE_VOLUME,True,LEGITIMATE_NO_TRADE / SUSPENSION
CLEBI.IS,2018-08-24,2018,4,2018-08-21,2018-08-24,True,True,False,True,True,POST_FIRST_POSITIVE_VOLUME,True,LEGITIMATE_NO_TRADE / SUSPENSION
CLEBI.IS,2018-08-30,2018,1,2018-08-30,2018-08-30,True,True,False,True,True,POST_FIRST_POSITIVE_VOLUME,False,UNKNOWN
CLEBI.IS,2018-10-29,2018,1,2018-10-29,2018-10-29,True,True,False,True,True,POST_FIRST_POSITIVE_VOLUME,False,UNKNOWN
CLEBI.IS,2019-01-01,2019,1,2019-01-01,2019-01-01,True,True,False,True,True,POST_FIRST_POSITIVE_VOLUME,False,UNKNOWN
CLEBI.IS,2019-04-23,2019,1,2019-04-23,2019-04-23,True,True,False,True,True,POST_FIRST_POSITIVE_VOLUME,False,UNKNOWN
CLEBI.IS,2019-05-01,2019,1,2019-05-01,2019-05-01,True,True,False,True,True,POST_FIRST_POSITIVE_VOLUME,False,UNKNOWN
CLEBI.IS,2019-06-04,2019,3,2019-06-04,2019-06-06,True,True,False,True,True,POST_FIRST_POSITIVE_VOLUME,True,LEGITIMATE_NO_TRADE / SUSPENSION
CLEBI.IS,2019-06-05,2019,3,2019-06-04,2019-06-06,True,True,False,True,True,POST_FIRST_POSITIVE_VOLUME,True,LEGITIMATE_NO_TRADE / SUSPENSION
CLEBI.IS,2019-06-06,2019,3,2019-06-04,2019-06-06,True,True,False,True,True,POST_FIRST_POSITIVE_VOLUME,True,LEGITIMATE_NO_TRADE / SUSPENSION
CLEBI.IS,2019-07-15,2019,1,2019-07-15,2019-07-15,True,True,False,True,True,POST_FIRST_POSITIVE_VOLUME,False,UNKNOWN
CLEBI.IS,2019-08-12,2019,3,2019-08-12,2019-08-14,True,True,False,True,True,POST_FIRST_POSITIVE_VOLUME,True,LEGITIMATE_NO_TRADE / SUSPENSION
CLEBI.IS,2019-08-13,2019,3,2019-08-12,2019-08-14,True,True,False,True,True,POST_FIRST_POSITIVE_VOLUME,True,LEGITIMATE_NO_TRADE / SUSPENSION
CLEBI.IS,2019-08-14,2019,3,2019-08-12,2019-08-14,True,True,False,True,True,POST_FIRST_POSITIVE_VOLUME,True,LEGITIMATE_NO_TRADE / SUSPENSION
CLEBI.IS,2019-08-30,2019,1,2019-08-30,2019-08-30,True,True,False,True,True,POST_FIRST_POSITIVE_VOLUME,False,UNKNOWN
CLEBI.IS,2020-03-11,2020,1,2020-03-11,2020-03-11,True,True,False,True,True,POST_FIRST_POSITIVE_VOLUME,False,UNKNOWN
CLEBI.IS,2026-05-27,2026,3,2026-05-27,2026-05-29,True,True,False,True,True,POST_FIRST_POSITIVE_VOLUME,True,LEGITIMATE_NO_TRADE / SUSPENSION
CLEBI.IS,2026-05-28,2026,3,2026-05-27,2026-05-29,True,True,False,True,True,POST_FIRST_POSITIVE_VOLUME,True,LEGITIMATE_NO_TRADE / SUSPENSION
CLEBI.IS,2026-05-29,2026,3,2026-05-27,2026-05-29,True,True,False,True,True,POST_FIRST_POSITIVE_VOLUME,True,LEGITIMATE_NO_TRADE / SUSPENSION
TCELL.IS,2018-04-23,2018,1,2018-04-23,2018-04-23,True,True,False,True,True,POST_FIRST_POSITIVE_VOLUME,False,UNKNOWN
TCELL.IS,2018-05-01,2018,1,2018-05-01,2018-05-01,True,True,False,True,True,POST_FIRST_POSITIVE_VOLUME,False,UNKNOWN
TCELL.IS,2018-06-14,2018,2,2018-06-14,2018-06-15,False,False,True,True,False,POST_FIRST_POSITIVE_VOLUME,False,MISSING_VOLUME_ONLY
TCELL.IS,2018-06-15,2018,2,2018-06-14,2018-06-15,True,True,False,True,True,POST_FIRST_POSITIVE_VOLUME,True,LEGITIMATE_NO_TRADE / SUSPENSION
TCELL.IS,2018-08-21,2018,4,2018-08-21,2018-08-24,True,True,False,True,True,POST_FIRST_POSITIVE_VOLUME,True,LEGITIMATE_NO_TRADE / SUSPENSION
TCELL.IS,2018-08-22,2018,4,2018-08-21,2018-08-24,True,True,False,True,True,POST_FIRST_POSITIVE_VOLUME,True,LEGITIMATE_NO_TRADE / SUSPENSION
TCELL.IS,2018-08-23,2018,4,2018-08-21,2018-08-24,True,True,False,True,True,POST_FIRST_POSITIVE_VOLUME,True,LEGITIMATE_NO_TRADE / SUSPENSION
TCELL.IS,2018-08-24,2018,4,2018-08-21,2018-08-24,True,True,False,True,True,POST_FIRST_POSITIVE_VOLUME,True,LEGITIMATE_NO_TRADE / SUSPENSION
TCELL.IS,2018-08-30,2018,1,2018-08-30,2018-08-30,True,True,False,True,True,POST_FIRST_POSITIVE_VOLUME,False,UNKNOWN
TCELL.IS,2018-10-29,2018,1,2018-10-29,2018-10-29,True,True,False,True,True,POST_FIRST_POSITIVE_VOLUME,False,UNKNOWN
TCELL.IS,2019-01-01,2019,1,2019-01-01,2019-01-01,True,True,False,True,True,POST_FIRST_POSITIVE_VOLUME,False,UNKNOWN
TCELL.IS,2019-04-23,2019,1,2019-04-23,2019-04-23,True,True,False,True,True,POST_FIRST_POSITIVE_VOLUME,False,UNKNOWN
TCELL.IS,2019-05-01,2019,1,2019-05-01,2019-05-01,True,True,False,True,True,POST_FIRST_POSITIVE_VOLUME,False,UNKNOWN
TCELL.IS,2019-06-04,2019,3,2019-06-04,2019-06-06,True,True,False,True,True,POST_FIRST_POSITIVE_VOLUME,True,LEGITIMATE_NO_TRADE / SUSPENSION
TCELL.IS,2019-06-05,2019,3,2019-06-04,2019-06-06,True,True,False,True,True,POST_FIRST_POSITIVE_VOLUME,True,LEGITIMATE_NO_TRADE / SUSPENSION
TCELL.IS,2019-06-06,2019,3,2019-06-04,2019-06-06,True,True,False,True,True,POST_FIRST_POSITIVE_VOLUME,True,LEGITIMATE_NO_TRADE / SUSPENSION
TCELL.IS,2019-07-15,2019,1,2019-07-15,2019-07-15,True,True,False,True,True,POST_FIRST_POSITIVE_VOLUME,False,UNKNOWN
TCELL.IS,2019-08-12,2019,3,2019-08-12,2019-08-14,True,True,False,True,True,POST_FIRST_POSITIVE_VOLUME,True,LEGITIMATE_NO_TRADE / SUSPENSION
TCELL.IS,2019-08-13,2019,3,2019-08-12,2019-08-14,True,True,False,True,True,POST_FIRST_POSITIVE_VOLUME,True,LEGITIMATE_NO_TRADE / SUSPENSION
TCELL.IS,2019-08-14,2019,3,2019-08-12,2019-08-14,True,True,False,True,True,POST_FIRST_POSITIVE_VOLUME,True,LEGITIMATE_NO_TRADE / SUSPENSION
TCELL.IS,2019-08-30,2019,1,2019-08-30,2019-08-30,True,True,False,True,True,POST_FIRST_POSITIVE_VOLUME,False,UNKNOWN
TCELL.IS,2020-03-11,2020,1,2020-03-11,2020-03-11,True,True,False,True,True,POST_FIRST_POSITIVE_VOLUME,False,UNKNOWN
TCELL.IS,2026-05-27,2026,3,2026-05-27,2026-05-29,True,True,False,True,True,POST_FIRST_POSITIVE_VOLUME,True,LEGITIMATE_NO_TRADE / SUSPENSION
TCELL.IS,2026-05-28,2026,3,2026-05-27,2026-05-29,True,True,False,True,True,POST_FIRST_POSITIVE_VOLUME,True,LEGITIMATE_NO_TRADE / SUSPENSION
TCELL.IS,2026-05-29,2026,3,2026-05-27,2026-05-29,True,True,False,True,True,POST_FIRST_POSITIVE_VOLUME,True,LEGITIMATE_NO_TRADE / SUSPENSION
TTKOM.IS,2018-04-23,2018,1,2018-04-23,2018-04-23,True,True,False,True,True,POST_FIRST_POSITIVE_VOLUME,False,UNKNOWN
TTKOM.IS,2018-05-01,2018,1,2018-05-01,2018-05-01,True,True,False,True,True,POST_FIRST_POSITIVE_VOLUME,False,UNKNOWN
TTKOM.IS,2018-06-15,2018,1,2018-06-15,2018-06-15,True,True,False,True,True,POST_FIRST_POSITIVE_VOLUME,False,UNKNOWN
TTKOM.IS,2018-08-21,2018,4,2018-08-21,2018-08-24,True,True,False,True,True,POST_FIRST_POSITIVE_VOLUME,True,LEGITIMATE_NO_TRADE / SUSPENSION
TTKOM.IS,2018-08-22,2018,4,2018-08-21,2018-08-24,True,True,False,True,True,POST_FIRST_POSITIVE_VOLUME,True,LEGITIMATE_NO_TRADE / SUSPENSION
TTKOM.IS,2018-08-23,2018,4,2018-08-21,2018-08-24,True,True,False,True,True,POST_FIRST_POSITIVE_VOLUME,True,LEGITIMATE_NO_TRADE / SUSPENSION
TTKOM.IS,2018-08-24,2018,4,2018-08-21,2018-08-24,True,True,False,True,True,POST_FIRST_POSITIVE_VOLUME,True,LEGITIMATE_NO_TRADE / SUSPENSION
TTKOM.IS,2018-08-30,2018,1,2018-08-30,2018-08-30,True,True,False,True,True,POST_FIRST_POSITIVE_VOLUME,False,UNKNOWN
TTKOM.IS,2018-10-29,2018,1,2018-10-29,2018-10-29,True,True,False,True,True,POST_FIRST_POSITIVE_VOLUME,False,UNKNOWN
TTKOM.IS,2019-01-01,2019,1,2019-01-01,2019-01-01,True,True,False,True,True,POST_FIRST_POSITIVE_VOLUME,False,UNKNOWN
TTKOM.IS,2019-04-23,2019,1,2019-04-23,2019-04-23,True,True,False,True,True,POST_FIRST_POSITIVE_VOLUME,False,UNKNOWN
TTKOM.IS,2019-05-01,2019,1,2019-05-01,2019-05-01,True,True,False,True,True,POST_FIRST_POSITIVE_VOLUME,False,UNKNOWN
TTKOM.IS,2019-06-04,2019,3,2019-06-04,2019-06-06,True,True,False,True,True,POST_FIRST_POSITIVE_VOLUME,True,LEGITIMATE_NO_TRADE / SUSPENSION
TTKOM.IS,2019-06-05,2019,3,2019-06-04,2019-06-06,True,True,False,True,True,POST_FIRST_POSITIVE_VOLUME,True,LEGITIMATE_NO_TRADE / SUSPENSION
TTKOM.IS,2019-06-06,2019,3,2019-06-04,2019-06-06,True,True,False,True,True,POST_FIRST_POSITIVE_VOLUME,True,LEGITIMATE_NO_TRADE / SUSPENSION
TTKOM.IS,2019-07-15,2019,1,2019-07-15,2019-07-15,True,True,False,True,True,POST_FIRST_POSITIVE_VOLUME,False,UNKNOWN
TTKOM.IS,2019-08-12,2019,3,2019-08-12,2019-08-14,True,True,False,True,True,POST_FIRST_POSITIVE_VOLUME,True,LEGITIMATE_NO_TRADE / SUSPENSION
TTKOM.IS,2019-08-13,2019,3,2019-08-12,2019-08-14,True,True,False,True,True,POST_FIRST_POSITIVE_VOLUME,True,LEGITIMATE_NO_TRADE / SUSPENSION
TTKOM.IS,2019-08-14,2019,3,2019-08-12,2019-08-14,True,True,False,True,True,POST_FIRST_POSITIVE_VOLUME,True,LEGITIMATE_NO_TRADE / SUSPENSION
TTKOM.IS,2019-08-30,2019,1,2019-08-30,2019-08-30,True,True,False,True,True,POST_FIRST_POSITIVE_VOLUME,False,UNKNOWN
TTKOM.IS,2026-05-27,2026,3,2026-05-27,2026-05-29,True,True,False,True,True,POST_FIRST_POSITIVE_VOLUME,True,LEGITIMATE_NO_TRADE / SUSPENSION
TTKOM.IS,2026-05-28,2026,3,2026-05-27,2026-05-29,True,True,False,True,True,POST_FIRST_POSITIVE_VOLUME,True,LEGITIMATE_NO_TRADE / SUSPENSION
TTKOM.IS,2026-05-29,2026,3,2026-05-27,2026-05-29,True,True,False,True,True,POST_FIRST_POSITIVE_VOLUME,True,LEGITIMATE_NO_TRADE / SUSPENSION
ENKAI.IS,2018-04-23,2018,1,2018-04-23,2018-04-23,True,True,False,True,True,POST_FIRST_POSITIVE_VOLUME,False,UNKNOWN
ENKAI.IS,2018-05-01,2018,1,2018-05-01,2018-05-01,True,True,False,True,True,POST_FIRST_POSITIVE_VOLUME,False,UNKNOWN
ENKAI.IS,2018-06-15,2018,1,2018-06-15,2018-06-15,True,True,False,True,True,POST_FIRST_POSITIVE_VOLUME,False,UNKNOWN
ENKAI.IS,2018-08-21,2018,4,2018-08-21,2018-08-24,True,True,False,True,True,POST_FIRST_POSITIVE_VOLUME,True,LEGITIMATE_NO_TRADE / SUSPENSION
ENKAI.IS,2018-08-22,2018,4,2018-08-21,2018-08-24,True,True,False,True,True,POST_FIRST_POSITIVE_VOLUME,True,LEGITIMATE_NO_TRADE / SUSPENSION
ENKAI.IS,2018-08-23,2018,4,2018-08-21,2018-08-24,True,True,False,True,True,POST_FIRST_POSITIVE_VOLUME,True,LEGITIMATE_NO_TRADE / SUSPENSION
ENKAI.IS,2018-08-24,2018,4,2018-08-21,2018-08-24,True,True,False,True,True,POST_FIRST_POSITIVE_VOLUME,True,LEGITIMATE_NO_TRADE / SUSPENSION
ENKAI.IS,2018-08-30,2018,1,2018-08-30,2018-08-30,True,True,False,True,True,POST_FIRST_POSITIVE_VOLUME,False,UNKNOWN
ENKAI.IS,2018-10-29,2018,1,2018-10-29,2018-10-29,True,True,False,True,True,POST_FIRST_POSITIVE_VOLUME,False,UNKNOWN
ENKAI.IS,2019-01-01,2019,1,2019-01-01,2019-01-01,True,True,False,True,True,POST_FIRST_POSITIVE_VOLUME,False,UNKNOWN
ENKAI.IS,2019-04-23,2019,1,2019-04-23,2019-04-23,True,True,False,True,True,POST_FIRST_POSITIVE_VOLUME,False,UNKNOWN
ENKAI.IS,2019-05-01,2019,1,2019-05-01,2019-05-01,True,True,False,True,True,POST_FIRST_POSITIVE_VOLUME,False,UNKNOWN
ENKAI.IS,2019-06-04,2019,3,2019-06-04,2019-06-06,True,True,False,True,True,POST_FIRST_POSITIVE_VOLUME,True,LEGITIMATE_NO_TRADE / SUSPENSION
ENKAI.IS,2019-06-05,2019,3,2019-06-04,2019-06-06,True,True,False,True,True,POST_FIRST_POSITIVE_VOLUME,True,LEGITIMATE_NO_TRADE / SUSPENSION
ENKAI.IS,2019-06-06,2019,3,2019-06-04,2019-06-06,True,True,False,True,True,POST_FIRST_POSITIVE_VOLUME,True,LEGITIMATE_NO_TRADE / SUSPENSION
ENKAI.IS,2019-07-15,2019,1,2019-07-15,2019-07-15,True,True,False,True,False,POST_FIRST_POSITIVE_VOLUME,False,MISSING_VOLUME_ONLY
ENKAI.IS,2019-08-12,2019,3,2019-08-12,2019-08-14,True,True,False,True,True,POST_FIRST_POSITIVE_VOLUME,True,LEGITIMATE_NO_TRADE / SUSPENSION
ENKAI.IS,2019-08-13,2019,3,2019-08-12,2019-08-14,True,True,False,True,True,POST_FIRST_POSITIVE_VOLUME,True,LEGITIMATE_NO_TRADE / SUSPENSION
ENKAI.IS,2019-08-14,2019,3,2019-08-12,2019-08-14,True,True,False,True,True,POST_FIRST_POSITIVE_VOLUME,True,LEGITIMATE_NO_TRADE / SUSPENSION
ENKAI.IS,2019-08-30,2019,1,2019-08-30,2019-08-30,True,True,False,True,True,POST_FIRST_POSITIVE_VOLUME,False,UNKNOWN
ENKAI.IS,2020-03-11,2020,1,2020-03-11,2020-03-11,True,True,False,True,True,POST_FIRST_POSITIVE_VOLUME,False,UNKNOWN
ENKAI.IS,2026-05-27,2026,3,2026-05-27,2026-05-29,True,True,False,True,True,POST_FIRST_POSITIVE_VOLUME,True,LEGITIMATE_NO_TRADE / SUSPENSION
ENKAI.IS,2026-05-28,2026,3,2026-05-27,2026-05-29,True,True,False,True,True,POST_FIRST_POSITIVE_VOLUME,True,LEGITIMATE_NO_TRADE / SUSPENSION
ENKAI.IS,2026-05-29,2026,3,2026-05-27,2026-05-29,True,True,False,True,True,POST_FIRST_POSITIVE_VOLUME,True,LEGITIMATE_NO_TRADE / SUSPENSION
ALARK.IS,2018-04-23,2018,1,2018-04-23,2018-04-23,True,True,False,True,True,POST_FIRST_POSITIVE_VOLUME,False,UNKNOWN
ALARK.IS,2018-05-01,2018,1,2018-05-01,2018-05-01,True,True,False,True,True,POST_FIRST_POSITIVE_VOLUME,False,UNKNOWN
ALARK.IS,2018-06-15,2018,1,2018-06-15,2018-06-15,True,True,False,True,True,POST_FIRST_POSITIVE_VOLUME,False,UNKNOWN
ALARK.IS,2018-08-21,2018,4,2018-08-21,2018-08-24,True,True,False,True,True,POST_FIRST_POSITIVE_VOLUME,True,LEGITIMATE_NO_TRADE / SUSPENSION
ALARK.IS,2018-08-22,2018,4,2018-08-21,2018-08-24,True,True,False,True,True,POST_FIRST_POSITIVE_VOLUME,True,LEGITIMATE_NO_TRADE / SUSPENSION
ALARK.IS,2018-08-23,2018,4,2018-08-21,2018-08-24,True,True,False,True,True,POST_FIRST_POSITIVE_VOLUME,True,LEGITIMATE_NO_TRADE / SUSPENSION
ALARK.IS,2018-08-24,2018,4,2018-08-21,2018-08-24,True,True,False,True,True,POST_FIRST_POSITIVE_VOLUME,True,LEGITIMATE_NO_TRADE / SUSPENSION
ALARK.IS,2018-08-30,2018,1,2018-08-30,2018-08-30,True,True,False,True,True,POST_FIRST_POSITIVE_VOLUME,False,UNKNOWN
ALARK.IS,2018-10-29,2018,1,2018-10-29,2018-10-29,True,True,False,True,True,POST_FIRST_POSITIVE_VOLUME,False,UNKNOWN
ALARK.IS,2019-01-01,2019,1,2019-01-01,2019-01-01,True,True,False,True,True,POST_FIRST_POSITIVE_VOLUME,False,UNKNOWN
ALARK.IS,2019-04-23,2019,1,2019-04-23,2019-04-23,True,True,False,True,True,POST_FIRST_POSITIVE_VOLUME,False,UNKNOWN
ALARK.IS,2019-05-01,2019,1,2019-05-01,2019-05-01,True,True,False,True,True,POST_FIRST_POSITIVE_VOLUME,False,UNKNOWN
ALARK.IS,2019-06-04,2019,3,2019-06-04,2019-06-06,True,True,False,True,True,POST_FIRST_POSITIVE_VOLUME,True,LEGITIMATE_NO_TRADE / SUSPENSION
ALARK.IS,2019-06-05,2019,3,2019-06-04,2019-06-06,True,True,False,True,True,POST_FIRST_POSITIVE_VOLUME,True,LEGITIMATE_NO_TRADE / SUSPENSION
ALARK.IS,2019-06-06,2019,3,2019-06-04,2019-06-06,True,True,False,True,True,POST_FIRST_POSITIVE_VOLUME,True,LEGITIMATE_NO_TRADE / SUSPENSION
ALARK.IS,2019-07-15,2019,1,2019-07-15,2019-07-15,True,True,False,True,True,POST_FIRST_POSITIVE_VOLUME,False,UNKNOWN
ALARK.IS,2019-08-12,2019,3,2019-08-12,2019-08-14,True,True,False,True,True,POST_FIRST_POSITIVE_VOLUME,True,LEGITIMATE_NO_TRADE / SUSPENSION
ALARK.IS,2019-08-13,2019,3,2019-08-12,2019-08-14,True,True,False,True,True,POST_FIRST_POSITIVE_VOLUME,True,LEGITIMATE_NO_TRADE / SUSPENSION
ALARK.IS,2019-08-14,2019,3,2019-08-12,2019-08-14,True,True,False,True,True,POST_FIRST_POSITIVE_VOLUME,True,LEGITIMATE_NO_TRADE / SUSPENSION
ALARK.IS,2019-08-30,2019,1,2019-08-30,2019-08-30,True,True,False,True,True,POST_FIRST_POSITIVE_VOLUME,False,UNKNOWN
ALARK.IS,2020-03-11,2020,1,2020-03-11,2020-03-11,True,True,False,True,True,POST_FIRST_POSITIVE_VOLUME,False,UNKNOWN
ALARK.IS,2026-05-27,2026,3,2026-05-27,2026-05-29,True,True,False,True,True,POST_FIRST_POSITIVE_VOLUME,True,LEGITIMATE_NO_TRADE / SUSPENSION
ALARK.IS,2026-05-28,2026,3,2026-05-27,2026-05-29,True,True,False,True,True,POST_FIRST_POSITIVE_VOLUME,True,LEGITIMATE_NO_TRADE / SUSPENSION
ALARK.IS,2026-05-29,2026,3,2026-05-27,2026-05-29,True,True,False,True,True,POST_FIRST_POSITIVE_VOLUME,True,LEGITIMATE_NO_TRADE / SUSPENSION
PETKM.IS,2018-04-23,2018,1,2018-04-23,2018-04-23,True,True,False,True,True,POST_FIRST_POSITIVE_VOLUME,False,UNKNOWN
PETKM.IS,2018-05-01,2018,1,2018-05-01,2018-05-01,True,True,False,True,True,POST_FIRST_POSITIVE_VOLUME,False,UNKNOWN
PETKM.IS,2018-06-15,2018,1,2018-06-15,2018-06-15,True,True,False,True,True,POST_FIRST_POSITIVE_VOLUME,False,UNKNOWN
PETKM.IS,2018-08-21,2018,4,2018-08-21,2018-08-24,True,True,False,True,True,POST_FIRST_POSITIVE_VOLUME,True,LEGITIMATE_NO_TRADE / SUSPENSION
PETKM.IS,2018-08-22,2018,4,2018-08-21,2018-08-24,True,True,False,True,True,POST_FIRST_POSITIVE_VOLUME,True,LEGITIMATE_NO_TRADE / SUSPENSION
PETKM.IS,2018-08-23,2018,4,2018-08-21,2018-08-24,True,True,False,True,True,POST_FIRST_POSITIVE_VOLUME,True,LEGITIMATE_NO_TRADE / SUSPENSION
PETKM.IS,2018-08-24,2018,4,2018-08-21,2018-08-24,True,True,False,True,True,POST_FIRST_POSITIVE_VOLUME,True,LEGITIMATE_NO_TRADE / SUSPENSION
PETKM.IS,2018-08-30,2018,1,2018-08-30,2018-08-30,True,True,False,True,True,POST_FIRST_POSITIVE_VOLUME,False,UNKNOWN
PETKM.IS,2018-10-29,2018,1,2018-10-29,2018-10-29,True,True,False,True,True,POST_FIRST_POSITIVE_VOLUME,False,UNKNOWN
PETKM.IS,2019-01-01,2019,1,2019-01-01,2019-01-01,True,True,False,True,True,POST_FIRST_POSITIVE_VOLUME,False,UNKNOWN
PETKM.IS,2019-04-23,2019,1,2019-04-23,2019-04-23,True,True,False,True,True,POST_FIRST_POSITIVE_VOLUME,False,UNKNOWN
PETKM.IS,2019-05-01,2019,1,2019-05-01,2019-05-01,True,True,False,True,True,POST_FIRST_POSITIVE_VOLUME,False,UNKNOWN
PETKM.IS,2019-06-04,2019,3,2019-06-04,2019-06-06,True,True,False,True,True,POST_FIRST_POSITIVE_VOLUME,True,LEGITIMATE_NO_TRADE / SUSPENSION
PETKM.IS,2019-06-05,2019,3,2019-06-04,2019-06-06,True,True,False,True,True,POST_FIRST_POSITIVE_VOLUME,True,LEGITIMATE_NO_TRADE / SUSPENSION
PETKM.IS,2019-06-06,2019,3,2019-06-04,2019-06-06,True,True,False,True,True,POST_FIRST_POSITIVE_VOLUME,True,LEGITIMATE_NO_TRADE / SUSPENSION
PETKM.IS,2019-07-15,2019,1,2019-07-15,2019-07-15,True,True,False,True,True,POST_FIRST_POSITIVE_VOLUME,False,UNKNOWN
PETKM.IS,2019-08-12,2019,3,2019-08-12,2019-08-14,True,True,False,True,True,POST_FIRST_POSITIVE_VOLUME,True,LEGITIMATE_NO_TRADE / SUSPENSION
PETKM.IS,2019-08-13,2019,3,2019-08-12,2019-08-14,True,True,False,True,True,POST_FIRST_POSITIVE_VOLUME,True,LEGITIMATE_NO_TRADE / SUSPENSION
PETKM.IS,2019-08-14,2019,3,2019-08-12,2019-08-14,True,True,False,True,True,POST_FIRST_POSITIVE_VOLUME,True,LEGITIMATE_NO_TRADE / SUSPENSION
PETKM.IS,2019-08-30,2019,1,2019-08-30,2019-08-30,True,True,False,True,True,POST_FIRST_POSITIVE_VOLUME,False,UNKNOWN
PETKM.IS,2020-03-11,2020,1,2020-03-11,2020-03-11,True,True,False,True,True,POST_FIRST_POSITIVE_VOLUME,False,UNKNOWN
PETKM.IS,2026-05-27,2026,3,2026-05-27,2026-05-29,True,True,False,True,True,POST_FIRST_POSITIVE_VOLUME,True,LEGITIMATE_NO_TRADE / SUSPENSION
PETKM.IS,2026-05-28,2026,3,2026-05-27,2026-05-29,True,True,False,True,True,POST_FIRST_POSITIVE_VOLUME,True,LEGITIMATE_NO_TRADE / SUSPENSION
PETKM.IS,2026-05-29,2026,3,2026-05-27,2026-05-29,True,True,False,True,True,POST_FIRST_POSITIVE_VOLUME,True,LEGITIMATE_NO_TRADE / SUSPENSION
SASA.IS,2018-04-23,2018,1,2018-04-23,2018-04-23,True,True,False,True,True,POST_FIRST_POSITIVE_VOLUME,False,UNKNOWN
SASA.IS,2018-05-01,2018,1,2018-05-01,2018-05-01,True,True,False,True,True,POST_FIRST_POSITIVE_VOLUME,False,UNKNOWN
SASA.IS,2018-06-15,2018,1,2018-06-15,2018-06-15,True,True,False,True,True,POST_FIRST_POSITIVE_VOLUME,False,UNKNOWN
SASA.IS,2018-08-21,2018,4,2018-08-21,2018-08-24,True,True,False,True,True,POST_FIRST_POSITIVE_VOLUME,True,LEGITIMATE_NO_TRADE / SUSPENSION
SASA.IS,2018-08-22,2018,4,2018-08-21,2018-08-24,True,True,False,True,True,POST_FIRST_POSITIVE_VOLUME,True,LEGITIMATE_NO_TRADE / SUSPENSION
SASA.IS,2018-08-23,2018,4,2018-08-21,2018-08-24,True,True,False,True,True,POST_FIRST_POSITIVE_VOLUME,True,LEGITIMATE_NO_TRADE / SUSPENSION
SASA.IS,2018-08-24,2018,4,2018-08-21,2018-08-24,True,True,False,True,True,POST_FIRST_POSITIVE_VOLUME,True,LEGITIMATE_NO_TRADE / SUSPENSION
SASA.IS,2018-08-30,2018,1,2018-08-30,2018-08-30,True,True,False,True,True,POST_FIRST_POSITIVE_VOLUME,False,UNKNOWN
SASA.IS,2018-10-29,2018,1,2018-10-29,2018-10-29,True,True,False,True,True,POST_FIRST_POSITIVE_VOLUME,False,UNKNOWN
SASA.IS,2019-01-01,2019,1,2019-01-01,2019-01-01,True,True,False,True,True,POST_FIRST_POSITIVE_VOLUME,False,UNKNOWN
SASA.IS,2019-04-23,2019,1,2019-04-23,2019-04-23,True,True,False,True,True,POST_FIRST_POSITIVE_VOLUME,False,UNKNOWN
SASA.IS,2019-05-01,2019,1,2019-05-01,2019-05-01,True,True,False,True,True,POST_FIRST_POSITIVE_VOLUME,False,UNKNOWN
SASA.IS,2019-06-04,2019,3,2019-06-04,2019-06-06,True,True,False,True,True,POST_FIRST_POSITIVE_VOLUME,True,LEGITIMATE_NO_TRADE / SUSPENSION
SASA.IS,2019-06-05,2019,3,2019-06-04,2019-06-06,True,True,False,True,True,POST_FIRST_POSITIVE_VOLUME,True,LEGITIMATE_NO_TRADE / SUSPENSION
SASA.IS,2019-06-06,2019,3,2019-06-04,2019-06-06,True,True,False,True,True,POST_FIRST_POSITIVE_VOLUME,True,LEGITIMATE_NO_TRADE / SUSPENSION
SASA.IS,2019-07-15,2019,1,2019-07-15,2019-07-15,True,True,False,True,True,POST_FIRST_POSITIVE_VOLUME,False,UNKNOWN
SASA.IS,2019-08-12,2019,3,2019-08-12,2019-08-14,True,True,False,True,True,POST_FIRST_POSITIVE_VOLUME,True,LEGITIMATE_NO_TRADE / SUSPENSION
SASA.IS,2019-08-13,2019,3,2019-08-12,2019-08-14,True,True,False,True,True,POST_FIRST_POSITIVE_VOLUME,True,LEGITIMATE_NO_TRADE / SUSPENSION
SASA.IS,2019-08-14,2019,3,2019-08-12,2019-08-14,True,True,False,True,True,POST_FIRST_POSITIVE_VOLUME,True,LEGITIMATE_NO_TRADE / SUSPENSION
SASA.IS,2019-08-30,2019,1,2019-08-30,2019-08-30,True,True,False,True,True,POST_FIRST_POSITIVE_VOLUME,False,UNKNOWN
SASA.IS,2020-03-11,2020,1,2020-03-11,2020-03-11,True,True,False,True,True,POST_FIRST_POSITIVE_VOLUME,False,UNKNOWN
SASA.IS,2024-04-09,2024,1,2024-04-09,2024-04-09,True,True,False,True,True,POST_FIRST_POSITIVE_VOLUME,False,UNKNOWN
SASA.IS,2025-08-19,2025,1,2025-08-19,2025-08-19,False,False,True,True,False,POST_FIRST_POSITIVE_VOLUME,False,MISSING_VOLUME_ONLY
SASA.IS,2025-08-21,2025,5,2025-08-21,2025-08-27,False,False,True,True,False,POST_FIRST_POSITIVE_VOLUME,False,MISSING_VOLUME_ONLY
SASA.IS,2025-08-22,2025,5,2025-08-21,2025-08-27,False,False,True,True,False,POST_FIRST_POSITIVE_VOLUME,False,MISSING_VOLUME_ONLY
SASA.IS,2025-08-25,2025,5,2025-08-21,2025-08-27,False,False,True,True,False,POST_FIRST_POSITIVE_VOLUME,False,MISSING_VOLUME_ONLY
SASA.IS,2025-08-26,2025,5,2025-08-21,2025-08-27,False,False,True,True,False,POST_FIRST_POSITIVE_VOLUME,False,MISSING_VOLUME_ONLY
SASA.IS,2025-08-27,2025,5,2025-08-21,2025-08-27,False,False,True,True,False,POST_FIRST_POSITIVE_VOLUME,False,MISSING_VOLUME_ONLY
SASA.IS,2025-08-29,2025,3,2025-08-29,2025-09-02,False,False,True,True,False,POST_FIRST_POSITIVE_VOLUME,False,MISSING_VOLUME_ONLY
SASA.IS,2025-09-01,2025,3,2025-08-29,2025-09-02,False,False,True,True,False,POST_FIRST_POSITIVE_VOLUME,False,MISSING_VOLUME_ONLY
SASA.IS,2025-09-02,2025,3,2025-08-29,2025-09-02,False,False,True,True,False,POST_FIRST_POSITIVE_VOLUME,False,MISSING_VOLUME_ONLY
SASA.IS,2025-09-05,2025,3,2025-09-05,2025-09-09,True,True,False,True,False,POST_FIRST_POSITIVE_VOLUME,False,MISSING_VOLUME_ONLY
SASA.IS,2025-09-08,2025,3,2025-09-05,2025-09-09,False,False,True,True,False,POST_FIRST_POSITIVE_VOLUME,False,MISSING_VOLUME_ONLY
SASA.IS,2025-09-09,2025,3,2025-09-05,2025-09-09,False,False,True,True,False,POST_FIRST_POSITIVE_VOLUME,False,MISSING_VOLUME_ONLY
SASA.IS,2025-09-15,2025,3,2025-09-15,2025-09-17,False,False,True,True,False,POST_FIRST_POSITIVE_VOLUME,False,MISSING_VOLUME_ONLY
SASA.IS,2025-09-16,2025,3,2025-09-15,2025-09-17,False,False,True,True,False,POST_FIRST_POSITIVE_VOLUME,False,MISSING_VOLUME_ONLY
SASA.IS,2025-09-17,2025,3,2025-09-15,2025-09-17,False,False,True,True,False,POST_FIRST_POSITIVE_VOLUME,False,MISSING_VOLUME_ONLY
SASA.IS,2025-09-19,2025,2,2025-09-19,2025-09-22,False,False,True,True,False,POST_FIRST_POSITIVE_VOLUME,False,MISSING_VOLUME_ONLY
SASA.IS,2025-09-22,2025,2,2025-09-19,2025-09-22,False,False,True,True,False,POST_FIRST_POSITIVE_VOLUME,False,MISSING_VOLUME_ONLY
SASA.IS,2025-09-24,2025,1,2025-09-24,2025-09-24,False,False,True,True,False,POST_FIRST_POSITIVE_VOLUME,False,MISSING_VOLUME_ONLY
SASA.IS,2025-10-01,2025,2,2025-10-01,2025-10-02,False,False,True,True,False,POST_FIRST_POSITIVE_VOLUME,False,MISSING_VOLUME_ONLY
SASA.IS,2025-10-02,2025,2,2025-10-01,2025-10-02,False,False,True,True,False,POST_FIRST_POSITIVE_VOLUME,False,MISSING_VOLUME_ONLY
SASA.IS,2025-10-23,2025,2,2025-10-23,2025-10-24,False,False,True,True,False,POST_FIRST_POSITIVE_VOLUME,False,MISSING_VOLUME_ONLY
SASA.IS,2025-10-24,2025,2,2025-10-23,2025-10-24,False,False,True,True,False,POST_FIRST_POSITIVE_VOLUME,False,MISSING_VOLUME_ONLY
SASA.IS,2025-11-20,2025,2,2025-11-20,2025-11-21,False,False,True,True,False,POST_FIRST_POSITIVE_VOLUME,False,MISSING_VOLUME_ONLY
SASA.IS,2025-11-21,2025,2,2025-11-20,2025-11-21,False,False,True,True,False,POST_FIRST_POSITIVE_VOLUME,False,MISSING_VOLUME_ONLY
SASA.IS,2025-12-24,2025,1,2025-12-24,2025-12-24,False,False,True,True,False,POST_FIRST_POSITIVE_VOLUME,False,MISSING_VOLUME_ONLY
SASA.IS,2026-01-09,2026,3,2026-01-09,2026-01-13,False,False,True,True,False,POST_FIRST_POSITIVE_VOLUME,False,MISSING_VOLUME_ONLY
SASA.IS,2026-01-12,2026,3,2026-01-09,2026-01-13,False,False,True,True,False,POST_FIRST_POSITIVE_VOLUME,False,MISSING_VOLUME_ONLY
SASA.IS,2026-01-13,2026,3,2026-01-09,2026-01-13,False,False,True,True,False,POST_FIRST_POSITIVE_VOLUME,False,MISSING_VOLUME_ONLY
SASA.IS,2026-01-16,2026,1,2026-01-16,2026-01-16,False,False,True,True,False,POST_FIRST_POSITIVE_VOLUME,False,MISSING_VOLUME_ONLY
SASA.IS,2026-01-26,2026,1,2026-01-26,2026-01-26,False,False,True,True,False,POST_FIRST_POSITIVE_VOLUME,False,MISSING_VOLUME_ONLY
SASA.IS,2026-01-28,2026,5,2026-01-28,2026-02-03,False,False,True,True,False,POST_FIRST_POSITIVE_VOLUME,False,MISSING_VOLUME_ONLY
SASA.IS,2026-01-29,2026,5,2026-01-28,2026-02-03,False,False,True,True,False,POST_FIRST_POSITIVE_VOLUME,False,MISSING_VOLUME_ONLY
SASA.IS,2026-01-30,2026,5,2026-01-28,2026-02-03,False,False,True,True,False,POST_FIRST_POSITIVE_VOLUME,False,MISSING_VOLUME_ONLY
SASA.IS,2026-02-02,2026,5,2026-01-28,2026-02-03,False,False,True,True,False,POST_FIRST_POSITIVE_VOLUME,False,MISSING_VOLUME_ONLY
SASA.IS,2026-02-03,2026,5,2026-01-28,2026-02-03,False,False,True,True,False,POST_FIRST_POSITIVE_VOLUME,False,MISSING_VOLUME_ONLY
SASA.IS,2026-02-05,2026,3,2026-02-05,2026-02-09,False,False,True,True,False,POST_FIRST_POSITIVE_VOLUME,False,MISSING_VOLUME_ONLY
SASA.IS,2026-02-06,2026,3,2026-02-05,2026-02-09,False,False,True,True,False,POST_FIRST_POSITIVE_VOLUME,False,MISSING_VOLUME_ONLY
SASA.IS,2026-02-09,2026,3,2026-02-05,2026-02-09,False,False,True,True,False,POST_FIRST_POSITIVE_VOLUME,False,MISSING_VOLUME_ONLY
SASA.IS,2026-02-11,2026,8,2026-02-11,2026-02-20,False,False,True,True,False,POST_FIRST_POSITIVE_VOLUME,False,MISSING_VOLUME_ONLY
SASA.IS,2026-02-12,2026,8,2026-02-11,2026-02-20,False,False,True,True,False,POST_FIRST_POSITIVE_VOLUME,False,MISSING_VOLUME_ONLY
SASA.IS,2026-02-13,2026,8,2026-02-11,2026-02-20,False,False,True,True,False,POST_FIRST_POSITIVE_VOLUME,False,MISSING_VOLUME_ONLY
SASA.IS,2026-02-16,2026,8,2026-02-11,2026-02-20,False,False,True,True,False,POST_FIRST_POSITIVE_VOLUME,False,MISSING_VOLUME_ONLY
SASA.IS,2026-02-17,2026,8,2026-02-11,2026-02-20,False,False,True,True,False,POST_FIRST_POSITIVE_VOLUME,False,MISSING_VOLUME_ONLY
SASA.IS,2026-02-18,2026,8,2026-02-11,2026-02-20,False,False,True,True,False,POST_FIRST_POSITIVE_VOLUME,False,MISSING_VOLUME_ONLY
SASA.IS,2026-02-19,2026,8,2026-02-11,2026-02-20,False,False,True,True,False,POST_FIRST_POSITIVE_VOLUME,False,MISSING_VOLUME_ONLY
SASA.IS,2026-02-20,2026,8,2026-02-11,2026-02-20,False,False,True,True,False,POST_FIRST_POSITIVE_VOLUME,False,MISSING_VOLUME_ONLY
SASA.IS,2026-02-26,2026,2,2026-02-26,2026-02-27,False,False,True,True,False,POST_FIRST_POSITIVE_VOLUME,False,MISSING_VOLUME_ONLY
SASA.IS,2026-02-27,2026,2,2026-02-26,2026-02-27,False,False,True,True,False,POST_FIRST_POSITIVE_VOLUME,False,MISSING_VOLUME_ONLY
SASA.IS,2026-03-12,2026,3,2026-03-12,2026-03-16,False,False,True,True,False,POST_FIRST_POSITIVE_VOLUME,False,MISSING_VOLUME_ONLY
SASA.IS,2026-03-13,2026,3,2026-03-12,2026-03-16,False,False,True,True,False,POST_FIRST_POSITIVE_VOLUME,False,MISSING_VOLUME_ONLY
SASA.IS,2026-03-16,2026,3,2026-03-12,2026-03-16,False,False,True,True,False,POST_FIRST_POSITIVE_VOLUME,False,MISSING_VOLUME_ONLY
SASA.IS,2026-03-23,2026,1,2026-03-23,2026-03-23,False,False,True,True,False,POST_FIRST_POSITIVE_VOLUME,False,MISSING_VOLUME_ONLY
SASA.IS,2026-03-26,2026,1,2026-03-26,2026-03-26,False,False,True,True,False,POST_FIRST_POSITIVE_VOLUME,False,MISSING_VOLUME_ONLY
SASA.IS,2026-04-02,2026,1,2026-04-02,2026-04-02,False,False,True,True,False,POST_FIRST_POSITIVE_VOLUME,False,MISSING_VOLUME_ONLY
SASA.IS,2026-04-08,2026,1,2026-04-08,2026-04-08,False,False,True,True,False,POST_FIRST_POSITIVE_VOLUME,False,MISSING_VOLUME_ONLY
SASA.IS,2026-04-10,2026,29,2026-04-10,2026-05-25,False,False,True,True,False,POST_FIRST_POSITIVE_VOLUME,False,MISSING_VOLUME_ONLY
SASA.IS,2026-04-13,2026,29,2026-04-10,2026-05-25,False,False,True,True,False,POST_FIRST_POSITIVE_VOLUME,False,MISSING_VOLUME_ONLY
SASA.IS,2026-04-14,2026,29,2026-04-10,2026-05-25,False,False,True,True,False,POST_FIRST_POSITIVE_VOLUME,False,MISSING_VOLUME_ONLY
SASA.IS,2026-04-15,2026,29,2026-04-10,2026-05-25,False,False,True,True,False,POST_FIRST_POSITIVE_VOLUME,False,MISSING_VOLUME_ONLY
SASA.IS,2026-04-16,2026,29,2026-04-10,2026-05-25,False,False,True,True,False,POST_FIRST_POSITIVE_VOLUME,False,MISSING_VOLUME_ONLY
SASA.IS,2026-04-17,2026,29,2026-04-10,2026-05-25,False,False,True,True,False,POST_FIRST_POSITIVE_VOLUME,False,MISSING_VOLUME_ONLY
SASA.IS,2026-04-20,2026,29,2026-04-10,2026-05-25,False,False,True,True,False,POST_FIRST_POSITIVE_VOLUME,False,MISSING_VOLUME_ONLY
SASA.IS,2026-04-21,2026,29,2026-04-10,2026-05-25,False,False,True,True,False,POST_FIRST_POSITIVE_VOLUME,False,MISSING_VOLUME_ONLY
SASA.IS,2026-04-22,2026,29,2026-04-10,2026-05-25,False,False,True,True,False,POST_FIRST_POSITIVE_VOLUME,False,MISSING_VOLUME_ONLY
SASA.IS,2026-04-24,2026,29,2026-04-10,2026-05-25,False,False,True,True,False,POST_FIRST_POSITIVE_VOLUME,False,MISSING_VOLUME_ONLY
SASA.IS,2026-04-27,2026,29,2026-04-10,2026-05-25,False,False,True,True,False,POST_FIRST_POSITIVE_VOLUME,False,MISSING_VOLUME_ONLY
SASA.IS,2026-04-28,2026,29,2026-04-10,2026-05-25,False,False,True,True,False,POST_FIRST_POSITIVE_VOLUME,False,MISSING_VOLUME_ONLY
SASA.IS,2026-04-29,2026,29,2026-04-10,2026-05-25,False,False,True,True,False,POST_FIRST_POSITIVE_VOLUME,False,MISSING_VOLUME_ONLY
SASA.IS,2026-04-30,2026,29,2026-04-10,2026-05-25,False,False,True,True,False,POST_FIRST_POSITIVE_VOLUME,False,MISSING_VOLUME_ONLY
SASA.IS,2026-05-04,2026,29,2026-04-10,2026-05-25,False,False,True,True,False,POST_FIRST_POSITIVE_VOLUME,False,MISSING_VOLUME_ONLY
SASA.IS,2026-05-05,2026,29,2026-04-10,2026-05-25,False,False,True,True,False,POST_FIRST_POSITIVE_VOLUME,False,MISSING_VOLUME_ONLY
SASA.IS,2026-05-06,2026,29,2026-04-10,2026-05-25,False,False,True,True,False,POST_FIRST_POSITIVE_VOLUME,False,MISSING_VOLUME_ONLY
SASA.IS,2026-05-07,2026,29,2026-04-10,2026-05-25,False,False,True,True,False,POST_FIRST_POSITIVE_VOLUME,False,MISSING_VOLUME_ONLY
SASA.IS,2026-05-08,2026,29,2026-04-10,2026-05-25,False,False,True,True,False,POST_FIRST_POSITIVE_VOLUME,False,MISSING_VOLUME_ONLY
SASA.IS,2026-05-11,2026,29,2026-04-10,2026-05-25,False,False,True,True,False,POST_FIRST_POSITIVE_VOLUME,False,MISSING_VOLUME_ONLY
SASA.IS,2026-05-12,2026,29,2026-04-10,2026-05-25,False,False,True,True,False,POST_FIRST_POSITIVE_VOLUME,False,MISSING_VOLUME_ONLY
SASA.IS,2026-05-13,2026,29,2026-04-10,2026-05-25,False,False,True,True,False,POST_FIRST_POSITIVE_VOLUME,False,MISSING_VOLUME_ONLY
SASA.IS,2026-05-14,2026,29,2026-04-10,2026-05-25,False,False,True,True,False,POST_FIRST_POSITIVE_VOLUME,False,MISSING_VOLUME_ONLY
SASA.IS,2026-05-15,2026,29,2026-04-10,2026-05-25,False,False,True,True,False,POST_FIRST_POSITIVE_VOLUME,False,MISSING_VOLUME_ONLY
SASA.IS,2026-05-18,2026,29,2026-04-10,2026-05-25,False,False,True,True,False,POST_FIRST_POSITIVE_VOLUME,False,MISSING_VOLUME_ONLY
SASA.IS,2026-05-20,2026,29,2026-04-10,2026-05-25,False,False,True,True,False,POST_FIRST_POSITIVE_VOLUME,False,MISSING_VOLUME_ONLY
SASA.IS,2026-05-21,2026,29,2026-04-10,2026-05-25,False,False,True,True,False,POST_FIRST_POSITIVE_VOLUME,False,MISSING_VOLUME_ONLY
SASA.IS,2026-05-22,2026,29,2026-04-10,2026-05-25,False,False,True,True,False,POST_FIRST_POSITIVE_VOLUME,False,MISSING_VOLUME_ONLY
SASA.IS,2026-05-25,2026,29,2026-04-10,2026-05-25,False,False,True,True,False,POST_FIRST_POSITIVE_VOLUME,False,MISSING_VOLUME_ONLY
SASA.IS,2026-05-27,2026,17,2026-05-27,2026-06-18,True,True,False,True,True,POST_FIRST_POSITIVE_VOLUME,True,LEGITIMATE_NO_TRADE / SUSPENSION
SASA.IS,2026-05-28,2026,17,2026-05-27,2026-06-18,True,True,False,True,True,POST_FIRST_POSITIVE_VOLUME,True,LEGITIMATE_NO_TRADE / SUSPENSION
SASA.IS,2026-05-29,2026,17,2026-05-27,2026-06-18,True,True,False,True,True,POST_FIRST_POSITIVE_VOLUME,True,LEGITIMATE_NO_TRADE / SUSPENSION
SASA.IS,2026-06-01,2026,17,2026-05-27,2026-06-18,False,False,True,True,False,POST_FIRST_POSITIVE_VOLUME,False,MISSING_VOLUME_ONLY
SASA.IS,2026-06-02,2026,17,2026-05-27,2026-06-18,False,False,True,True,False,POST_FIRST_POSITIVE_VOLUME,False,MISSING_VOLUME_ONLY
SASA.IS,2026-06-03,2026,17,2026-05-27,2026-06-18,False,False,True,True,False,POST_FIRST_POSITIVE_VOLUME,False,MISSING_VOLUME_ONLY
SASA.IS,2026-06-04,2026,17,2026-05-27,2026-06-18,False,False,True,True,False,POST_FIRST_POSITIVE_VOLUME,False,MISSING_VOLUME_ONLY
SASA.IS,2026-06-05,2026,17,2026-05-27,2026-06-18,False,False,True,True,False,POST_FIRST_POSITIVE_VOLUME,False,MISSING_VOLUME_ONLY
SASA.IS,2026-06-08,2026,17,2026-05-27,2026-06-18,False,False,True,True,False,POST_FIRST_POSITIVE_VOLUME,False,MISSING_VOLUME_ONLY
SASA.IS,2026-06-09,2026,17,2026-05-27,2026-06-18,False,False,True,True,False,POST_FIRST_POSITIVE_VOLUME,False,MISSING_VOLUME_ONLY
SASA.IS,2026-06-10,2026,17,2026-05-27,2026-06-18,True,True,False,True,False,POST_FIRST_POSITIVE_VOLUME,False,MISSING_VOLUME_ONLY
SASA.IS,2026-06-11,2026,17,2026-05-27,2026-06-18,False,False,True,True,False,POST_FIRST_POSITIVE_VOLUME,False,MISSING_VOLUME_ONLY
SASA.IS,2026-06-12,2026,17,2026-05-27,2026-06-18,False,False,True,True,False,POST_FIRST_POSITIVE_VOLUME,False,MISSING_VOLUME_ONLY
SASA.IS,2026-06-15,2026,17,2026-05-27,2026-06-18,False,False,True,True,False,POST_FIRST_POSITIVE_VOLUME,False,MISSING_VOLUME_ONLY
SASA.IS,2026-06-16,2026,17,2026-05-27,2026-06-18,False,False,True,True,False,POST_FIRST_POSITIVE_VOLUME,False,MISSING_VOLUME_ONLY
SASA.IS,2026-06-17,2026,17,2026-05-27,2026-06-18,False,False,True,True,False,POST_FIRST_POSITIVE_VOLUME,False,MISSING_VOLUME_ONLY
SASA.IS,2026-06-18,2026,17,2026-05-27,2026-06-18,False,False,True,True,False,POST_FIRST_POSITIVE_VOLUME,False,MISSING_VOLUME_ONLY
SASA.IS,2026-06-22,2026,2,2026-06-22,2026-06-23,False,False,True,True,False,POST_FIRST_POSITIVE_VOLUME,False,MISSING_VOLUME_ONLY
SASA.IS,2026-06-23,2026,2,2026-06-22,2026-06-23,False,False,True,True,False,POST_FIRST_POSITIVE_VOLUME,False,MISSING_VOLUME_ONLY
SASA.IS,2026-06-30,2026,2,2026-06-30,2026-07-01,True,True,False,True,False,POST_FIRST_POSITIVE_VOLUME,False,MISSING_VOLUME_ONLY
SASA.IS,2026-07-01,2026,2,2026-06-30,2026-07-01,False,False,True,True,False,POST_FIRST_POSITIVE_VOLUME,False,MISSING_VOLUME_ONLY
SASA.IS,2026-07-07,2026,7,2026-07-07,2026-07-16,False,False,True,True,False,POST_FIRST_POSITIVE_VOLUME,False,MISSING_VOLUME_ONLY
SASA.IS,2026-07-08,2026,7,2026-07-07,2026-07-16,False,False,True,True,False,POST_FIRST_POSITIVE_VOLUME,False,MISSING_VOLUME_ONLY
SASA.IS,2026-07-09,2026,7,2026-07-07,2026-07-16,False,False,True,True,False,POST_FIRST_POSITIVE_VOLUME,False,MISSING_VOLUME_ONLY
SASA.IS,2026-07-10,2026,7,2026-07-07,2026-07-16,False,False,True,True,False,POST_FIRST_POSITIVE_VOLUME,False,MISSING_VOLUME_ONLY
SASA.IS,2026-07-13,2026,7,2026-07-07,2026-07-16,False,False,True,True,False,POST_FIRST_POSITIVE_VOLUME,False,MISSING_VOLUME_ONLY
SASA.IS,2026-07-14,2026,7,2026-07-07,2026-07-16,False,False,True,True,False,POST_FIRST_POSITIVE_VOLUME,False,MISSING_VOLUME_ONLY
SASA.IS,2026-07-16,2026,7,2026-07-07,2026-07-16,False,False,True,True,False,POST_FIRST_POSITIVE_VOLUME,False,MISSING_VOLUME_ONLY
SASA.IS,2026-07-20,2026,7,2026-07-20,2026-07-28,False,False,True,True,False,POST_FIRST_POSITIVE_VOLUME,False,MISSING_VOLUME_ONLY
SASA.IS,2026-07-21,2026,7,2026-07-20,2026-07-28,False,False,True,True,False,POST_FIRST_POSITIVE_VOLUME,False,MISSING_VOLUME_ONLY
SASA.IS,2026-07-22,2026,7,2026-07-20,2026-07-28,False,False,True,True,False,POST_FIRST_POSITIVE_VOLUME,False,MISSING_VOLUME_ONLY
SASA.IS,2026-07-23,2026,7,2026-07-20,2026-07-28,False,False,True,True,False,POST_FIRST_POSITIVE_VOLUME,False,MISSING_VOLUME_ONLY
SASA.IS,2026-07-24,2026,7,2026-07-20,2026-07-28,False,False,True,True,False,POST_FIRST_POSITIVE_VOLUME,False,MISSING_VOLUME_ONLY
SASA.IS,2026-07-27,2026,7,2026-07-20,2026-07-28,False,False,True,True,False,POST_FIRST_POSITIVE_VOLUME,False,MISSING_VOLUME_ONLY
SASA.IS,2026-07-28,2026,7,2026-07-20,2026-07-28,False,False,True,True,False,POST_FIRST_POSITIVE_VOLUME,False,MISSING_VOLUME_ONLY
SASA.IS,2026-07-30,2026,1,2026-07-30,2026-07-30,False,False,True,True,False,POST_FIRST_POSITIVE_VOLUME,False,MISSING_VOLUME_ONLY
SASA.IS,2026-08-03,2026,1,2026-08-03,2026-08-03,False,False,True,True,False,POST_FIRST_POSITIVE_VOLUME,False,MISSING_VOLUME_ONLY
SASA.IS,2026-08-05,2026,1,2026-08-05,2026-08-05,False,False,True,True,False,POST_FIRST_POSITIVE_VOLUME,False,MISSING_VOLUME_ONLY
SASA.IS,2026-08-10,2026,8,2026-08-10,2026-08-19,False,False,True,True,False,POST_FIRST_POSITIVE_VOLUME,False,MISSING_VOLUME_ONLY
SASA.IS,2026-08-11,2026,8,2026-08-10,2026-08-19,False,False,True,True,False,POST_FIRST_POSITIVE_VOLUME,False,MISSING_VOLUME_ONLY
SASA.IS,2026-08-12,2026,8,2026-08-10,2026-08-19,False,False,True,True,False,POST_FIRST_POSITIVE_VOLUME,False,MISSING_VOLUME_ONLY
SASA.IS,2026-08-13,2026,8,2026-08-10,2026-08-19,False,False,True,True,False,POST_FIRST_POSITIVE_VOLUME,False,MISSING_VOLUME_ONLY
SASA.IS,2026-08-14,2026,8,2026-08-10,2026-08-19,False,False,True,True,False,POST_FIRST_POSITIVE_VOLUME,False,MISSING_VOLUME_ONLY
SASA.IS,2026-08-17,2026,8,2026-08-10,2026-08-19,False,False,True,True,False,POST_FIRST_POSITIVE_VOLUME,False,MISSING_VOLUME_ONLY
SASA.IS,2026-08-18,2026,8,2026-08-10,2026-08-19,False,False,True,True,False,POST_FIRST_POSITIVE_VOLUME,False,MISSING_VOLUME_ONLY
SASA.IS,2026-08-19,2026,8,2026-08-10,2026-08-19,False,False,True,True,False,POST_FIRST_POSITIVE_VOLUME,False,MISSING_VOLUME_ONLY
SASA.IS,2026-08-21,2026,2,2026-08-21,2026-08-24,False,False,True,True,False,POST_FIRST_POSITIVE_VOLUME,False,MISSING_VOLUME_ONLY
SASA.IS,2026-08-24,2026,2,2026-08-21,2026-08-24,False,False,True,True,False,POST_FIRST_POSITIVE_VOLUME,False,MISSING_VOLUME_ONLY
SASA.IS,2026-08-27,2026,1,2026-08-27,2026-08-27,False,False,True,True,False,POST_FIRST_POSITIVE_VOLUME,False,MISSING_VOLUME_ONLY
SASA.IS,2026-09-01,2026,1,2026-09-01,2026-09-01,False,False,True,True,False,POST_FIRST_POSITIVE_VOLUME,False,MISSING_VOLUME_ONLY
SASA.IS,2026-09-08,2026,5,2026-09-08,2026-09-14,False,False,True,True,False,POST_FIRST_POSITIVE_VOLUME,False,MISSING_VOLUME_ONLY
SASA.IS,2026-09-09,2026,5,2026-09-08,2026-09-14,False,False,True,True,False,POST_FIRST_POSITIVE_VOLUME,False,MISSING_VOLUME_ONLY
SASA.IS,2026-09-10,2026,5,2026-09-08,2026-09-14,False,False,True,True,False,POST_FIRST_POSITIVE_VOLUME,False,MISSING_VOLUME_ONLY
SASA.IS,2026-09-11,2026,5,2026-09-08,2026-09-14,False,False,True,True,False,POST_FIRST_POSITIVE_VOLUME,False,MISSING_VOLUME_ONLY
SASA.IS,2026-09-14,2026,5,2026-09-08,2026-09-14,False,False,True,True,False,POST_FIRST_POSITIVE_VOLUME,False,MISSING_VOLUME_ONLY
HEKTS.IS,2018-04-23,2018,1,2018-04-23,2018-04-23,True,True,False,True,True,POST_FIRST_POSITIVE_VOLUME,False,UNKNOWN
HEKTS.IS,2018-05-01,2018,1,2018-05-01,2018-05-01,True,True,False,True,True,POST_FIRST_POSITIVE_VOLUME,False,UNKNOWN
HEKTS.IS,2018-06-15,2018,1,2018-06-15,2018-06-15,True,True,False,True,True,POST_FIRST_POSITIVE_VOLUME,False,UNKNOWN
HEKTS.IS,2018-08-21,2018,4,2018-08-21,2018-08-24,True,True,False,True,True,POST_FIRST_POSITIVE_VOLUME,True,LEGITIMATE_NO_TRADE / SUSPENSION
HEKTS.IS,2018-08-22,2018,4,2018-08-21,2018-08-24,True,True,False,True,True,POST_FIRST_POSITIVE_VOLUME,True,LEGITIMATE_NO_TRADE / SUSPENSION
HEKTS.IS,2018-08-23,2018,4,2018-08-21,2018-08-24,True,True,False,True,True,POST_FIRST_POSITIVE_VOLUME,True,LEGITIMATE_NO_TRADE / SUSPENSION
HEKTS.IS,2018-08-24,2018,4,2018-08-21,2018-08-24,True,True,False,True,True,POST_FIRST_POSITIVE_VOLUME,True,LEGITIMATE_NO_TRADE / SUSPENSION
HEKTS.IS,2018-08-30,2018,1,2018-08-30,2018-08-30,True,True,False,True,True,POST_FIRST_POSITIVE_VOLUME,False,UNKNOWN
HEKTS.IS,2018-10-29,2018,1,2018-10-29,2018-10-29,True,True,False,True,True,POST_FIRST_POSITIVE_VOLUME,False,UNKNOWN
HEKTS.IS,2019-01-01,2019,1,2019-01-01,2019-01-01,True,True,False,True,True,POST_FIRST_POSITIVE_VOLUME,False,UNKNOWN
HEKTS.IS,2019-04-23,2019,1,2019-04-23,2019-04-23,True,True,False,True,True,POST_FIRST_POSITIVE_VOLUME,False,UNKNOWN
HEKTS.IS,2019-05-01,2019,1,2019-05-01,2019-05-01,True,True,False,True,True,POST_FIRST_POSITIVE_VOLUME,False,UNKNOWN
HEKTS.IS,2019-06-04,2019,3,2019-06-04,2019-06-06,True,True,False,True,True,POST_FIRST_POSITIVE_VOLUME,True,LEGITIMATE_NO_TRADE / SUSPENSION
HEKTS.IS,2019-06-05,2019,3,2019-06-04,2019-06-06,True,True,False,True,True,POST_FIRST_POSITIVE_VOLUME,True,LEGITIMATE_NO_TRADE / SUSPENSION
HEKTS.IS,2019-06-06,2019,3,2019-06-04,2019-06-06,True,True,False,True,True,POST_FIRST_POSITIVE_VOLUME,True,LEGITIMATE_NO_TRADE / SUSPENSION
HEKTS.IS,2019-07-15,2019,1,2019-07-15,2019-07-15,True,True,False,True,True,POST_FIRST_POSITIVE_VOLUME,False,UNKNOWN
HEKTS.IS,2019-08-12,2019,3,2019-08-12,2019-08-14,True,True,False,True,True,POST_FIRST_POSITIVE_VOLUME,True,LEGITIMATE_NO_TRADE / SUSPENSION
HEKTS.IS,2019-08-13,2019,3,2019-08-12,2019-08-14,True,True,False,True,True,POST_FIRST_POSITIVE_VOLUME,True,LEGITIMATE_NO_TRADE / SUSPENSION
HEKTS.IS,2019-08-14,2019,3,2019-08-12,2019-08-14,True,True,False,True,True,POST_FIRST_POSITIVE_VOLUME,True,LEGITIMATE_NO_TRADE / SUSPENSION
HEKTS.IS,2019-08-30,2019,1,2019-08-30,2019-08-30,True,True,False,True,True,POST_FIRST_POSITIVE_VOLUME,False,UNKNOWN
HEKTS.IS,2020-03-11,2020,1,2020-03-11,2020-03-11,True,True,False,True,True,POST_FIRST_POSITIVE_VOLUME,False,UNKNOWN
HEKTS.IS,2026-05-27,2026,3,2026-05-27,2026-05-29,True,True,False,True,True,POST_FIRST_POSITIVE_VOLUME,True,LEGITIMATE_NO_TRADE / SUSPENSION
HEKTS.IS,2026-05-28,2026,3,2026-05-27,2026-05-29,True,True,False,True,True,POST_FIRST_POSITIVE_VOLUME,True,LEGITIMATE_NO_TRADE / SUSPENSION
HEKTS.IS,2026-05-29,2026,3,2026-05-27,2026-05-29,True,True,False,True,True,POST_FIRST_POSITIVE_VOLUME,True,LEGITIMATE_NO_TRADE / SUSPENSION
GUBRF.IS,2018-04-23,2018,1,2018-04-23,2018-04-23,True,True,False,True,True,POST_FIRST_POSITIVE_VOLUME,False,UNKNOWN
GUBRF.IS,2018-05-01,2018,1,2018-05-01,2018-05-01,True,True,False,True,True,POST_FIRST_POSITIVE_VOLUME,False,UNKNOWN
GUBRF.IS,2018-06-15,2018,1,2018-06-15,2018-06-15,True,True,False,True,True,POST_FIRST_POSITIVE_VOLUME,False,UNKNOWN
GUBRF.IS,2018-08-21,2018,4,2018-08-21,2018-08-24,True,True,False,True,True,POST_FIRST_POSITIVE_VOLUME,True,LEGITIMATE_NO_TRADE / SUSPENSION
GUBRF.IS,2018-08-22,2018,4,2018-08-21,2018-08-24,True,True,False,True,True,POST_FIRST_POSITIVE_VOLUME,True,LEGITIMATE_NO_TRADE / SUSPENSION
GUBRF.IS,2018-08-23,2018,4,2018-08-21,2018-08-24,True,True,False,True,True,POST_FIRST_POSITIVE_VOLUME,True,LEGITIMATE_NO_TRADE / SUSPENSION
GUBRF.IS,2018-08-24,2018,4,2018-08-21,2018-08-24,True,True,False,True,True,POST_FIRST_POSITIVE_VOLUME,True,LEGITIMATE_NO_TRADE / SUSPENSION
GUBRF.IS,2018-08-30,2018,1,2018-08-30,2018-08-30,True,True,False,True,True,POST_FIRST_POSITIVE_VOLUME,False,UNKNOWN
GUBRF.IS,2018-10-29,2018,1,2018-10-29,2018-10-29,True,True,False,True,True,POST_FIRST_POSITIVE_VOLUME,False,UNKNOWN
GUBRF.IS,2019-01-01,2019,1,2019-01-01,2019-01-01,True,True,False,True,True,POST_FIRST_POSITIVE_VOLUME,False,UNKNOWN
GUBRF.IS,2019-04-23,2019,1,2019-04-23,2019-04-23,True,True,False,True,True,POST_FIRST_POSITIVE_VOLUME,False,UNKNOWN
GUBRF.IS,2019-05-01,2019,1,2019-05-01,2019-05-01,True,True,False,True,True,POST_FIRST_POSITIVE_VOLUME,False,UNKNOWN
GUBRF.IS,2019-06-04,2019,3,2019-06-04,2019-06-06,True,True,False,True,True,POST_FIRST_POSITIVE_VOLUME,True,LEGITIMATE_NO_TRADE / SUSPENSION
GUBRF.IS,2019-06-05,2019,3,2019-06-04,2019-06-06,True,True,False,True,True,POST_FIRST_POSITIVE_VOLUME,True,LEGITIMATE_NO_TRADE / SUSPENSION
GUBRF.IS,2019-06-06,2019,3,2019-06-04,2019-06-06,True,True,False,True,True,POST_FIRST_POSITIVE_VOLUME,True,LEGITIMATE_NO_TRADE / SUSPENSION
GUBRF.IS,2019-07-15,2019,1,2019-07-15,2019-07-15,True,True,False,True,True,POST_FIRST_POSITIVE_VOLUME,False,UNKNOWN
GUBRF.IS,2019-08-12,2019,3,2019-08-12,2019-08-14,True,True,False,True,True,POST_FIRST_POSITIVE_VOLUME,True,LEGITIMATE_NO_TRADE / SUSPENSION
GUBRF.IS,2019-08-13,2019,3,2019-08-12,2019-08-14,True,True,False,True,True,POST_FIRST_POSITIVE_VOLUME,True,LEGITIMATE_NO_TRADE / SUSPENSION
GUBRF.IS,2019-08-14,2019,3,2019-08-12,2019-08-14,True,True,False,True,True,POST_FIRST_POSITIVE_VOLUME,True,LEGITIMATE_NO_TRADE / SUSPENSION
GUBRF.IS,2019-08-30,2019,1,2019-08-30,2019-08-30,True,True,False,True,True,POST_FIRST_POSITIVE_VOLUME,False,UNKNOWN
GUBRF.IS,2020-03-11,2020,1,2020-03-11,2020-03-11,True,True,False,True,True,POST_FIRST_POSITIVE_VOLUME,False,UNKNOWN
GUBRF.IS,2026-05-27,2026,3,2026-05-27,2026-05-29,True,True,False,True,True,POST_FIRST_POSITIVE_VOLUME,True,LEGITIMATE_NO_TRADE / SUSPENSION
GUBRF.IS,2026-05-28,2026,3,2026-05-27,2026-05-29,True,True,False,True,True,POST_FIRST_POSITIVE_VOLUME,True,LEGITIMATE_NO_TRADE / SUSPENSION
GUBRF.IS,2026-05-29,2026,3,2026-05-27,2026-05-29,True,True,False,True,True,POST_FIRST_POSITIVE_VOLUME,True,LEGITIMATE_NO_TRADE / SUSPENSION
ASTOR.IS,2023-02-08,2023,1,2023-02-08,2023-02-08,True,True,False,True,True,POST_FIRST_POSITIVE_VOLUME,False,UNKNOWN
ASTOR.IS,2026-05-27,2026,3,2026-05-27,2026-05-29,True,True,False,True,True,POST_FIRST_POSITIVE_VOLUME,True,LEGITIMATE_NO_TRADE / SUSPENSION
ASTOR.IS,2026-05-28,2026,3,2026-05-27,2026-05-29,True,True,False,True,True,POST_FIRST_POSITIVE_VOLUME,True,LEGITIMATE_NO_TRADE / SUSPENSION
ASTOR.IS,2026-05-29,2026,3,2026-05-27,2026-05-29,True,True,False,True,True,POST_FIRST_POSITIVE_VOLUME,True,LEGITIMATE_NO_TRADE / SUSPENSION
EUPWR.IS,2024-04-09,2024,1,2024-04-09,2024-04-09,True,True,False,True,True,POST_FIRST_POSITIVE_VOLUME,False,UNKNOWN
EUPWR.IS,2026-05-27,2026,3,2026-05-27,2026-05-29,True,True,False,True,True,POST_FIRST_POSITIVE_VOLUME,True,LEGITIMATE_NO_TRADE / SUSPENSION
EUPWR.IS,2026-05-28,2026,3,2026-05-27,2026-05-29,True,True,False,True,True,POST_FIRST_POSITIVE_VOLUME,True,LEGITIMATE_NO_TRADE / SUSPENSION
EUPWR.IS,2026-05-29,2026,3,2026-05-27,2026-05-29,True,True,False,True,True,POST_FIRST_POSITIVE_VOLUME,True,LEGITIMATE_NO_TRADE / SUSPENSION
GESAN.IS,2026-05-27,2026,3,2026-05-27,2026-05-29,True,True,False,True,True,POST_FIRST_POSITIVE_VOLUME,True,LEGITIMATE_NO_TRADE / SUSPENSION
GESAN.IS,2026-05-28,2026,3,2026-05-27,2026-05-29,True,True,False,True,True,POST_FIRST_POSITIVE_VOLUME,True,LEGITIMATE_NO_TRADE / SUSPENSION
GESAN.IS,2026-05-29,2026,3,2026-05-27,2026-05-29,True,True,False,True,True,POST_FIRST_POSITIVE_VOLUME,True,LEGITIMATE_NO_TRADE / SUSPENSION
KONTR.IS,2022-03-14,2022,1,2022-03-14,2022-03-14,True,True,False,True,True,POST_FIRST_POSITIVE_VOLUME,False,UNKNOWN
KONTR.IS,2024-04-09,2024,1,2024-04-09,2024-04-09,True,True,False,True,True,POST_FIRST_POSITIVE_VOLUME,False,UNKNOWN
KONTR.IS,2026-05-27,2026,3,2026-05-27,2026-05-29,True,True,False,True,True,POST_FIRST_POSITIVE_VOLUME,True,LEGITIMATE_NO_TRADE / SUSPENSION
KONTR.IS,2026-05-28,2026,3,2026-05-27,2026-05-29,True,True,False,True,True,POST_FIRST_POSITIVE_VOLUME,True,LEGITIMATE_NO_TRADE / SUSPENSION
KONTR.IS,2026-05-29,2026,3,2026-05-27,2026-05-29,True,True,False,True,True,POST_FIRST_POSITIVE_VOLUME,True,LEGITIMATE_NO_TRADE / SUSPENSION
KONTR.IS,2026-06-17,2026,1,2026-06-17,2026-06-17,True,True,False,True,True,POST_FIRST_POSITIVE_VOLUME,False,UNKNOWN
CWENE.IS,2024-04-09,2024,1,2024-04-09,2024-04-09,True,True,False,True,True,POST_FIRST_POSITIVE_VOLUME,False,UNKNOWN
CWENE.IS,2026-05-27,2026,3,2026-05-27,2026-05-29,True,True,False,True,True,POST_FIRST_POSITIVE_VOLUME,True,LEGITIMATE_NO_TRADE / SUSPENSION
CWENE.IS,2026-05-28,2026,3,2026-05-27,2026-05-29,True,True,False,True,True,POST_FIRST_POSITIVE_VOLUME,True,LEGITIMATE_NO_TRADE / SUSPENSION
CWENE.IS,2026-05-29,2026,3,2026-05-27,2026-05-29,True,True,False,True,True,POST_FIRST_POSITIVE_VOLUME,True,LEGITIMATE_NO_TRADE / SUSPENSION
ALFAS.IS,2023-02-08,2023,1,2023-02-08,2023-02-08,True,True,False,True,True,POST_FIRST_POSITIVE_VOLUME,False,UNKNOWN
ALFAS.IS,2026-05-27,2026,3,2026-05-27,2026-05-29,True,True,False,True,True,POST_FIRST_POSITIVE_VOLUME,True,LEGITIMATE_NO_TRADE / SUSPENSION
ALFAS.IS,2026-05-28,2026,3,2026-05-27,2026-05-29,True,True,False,True,True,POST_FIRST_POSITIVE_VOLUME,True,LEGITIMATE_NO_TRADE / SUSPENSION
ALFAS.IS,2026-05-29,2026,3,2026-05-27,2026-05-29,True,True,False,True,True,POST_FIRST_POSITIVE_VOLUME,True,LEGITIMATE_NO_TRADE / SUSPENSION
ARCLK.IS,2018-04-23,2018,1,2018-04-23,2018-04-23,True,True,False,True,True,POST_FIRST_POSITIVE_VOLUME,False,UNKNOWN
ARCLK.IS,2018-05-01,2018,1,2018-05-01,2018-05-01,True,True,False,True,True,POST_FIRST_POSITIVE_VOLUME,False,UNKNOWN
ARCLK.IS,2018-06-15,2018,1,2018-06-15,2018-06-15,True,True,False,True,True,POST_FIRST_POSITIVE_VOLUME,False,UNKNOWN
ARCLK.IS,2018-08-21,2018,4,2018-08-21,2018-08-24,True,True,False,True,True,POST_FIRST_POSITIVE_VOLUME,True,LEGITIMATE_NO_TRADE / SUSPENSION
ARCLK.IS,2018-08-22,2018,4,2018-08-21,2018-08-24,True,True,False,True,True,POST_FIRST_POSITIVE_VOLUME,True,LEGITIMATE_NO_TRADE / SUSPENSION
ARCLK.IS,2018-08-23,2018,4,2018-08-21,2018-08-24,True,True,False,True,True,POST_FIRST_POSITIVE_VOLUME,True,LEGITIMATE_NO_TRADE / SUSPENSION
ARCLK.IS,2018-08-24,2018,4,2018-08-21,2018-08-24,True,True,False,True,True,POST_FIRST_POSITIVE_VOLUME,True,LEGITIMATE_NO_TRADE / SUSPENSION
ARCLK.IS,2018-08-30,2018,1,2018-08-30,2018-08-30,True,True,False,True,True,POST_FIRST_POSITIVE_VOLUME,False,UNKNOWN
ARCLK.IS,2018-10-29,2018,1,2018-10-29,2018-10-29,True,True,False,True,True,POST_FIRST_POSITIVE_VOLUME,False,UNKNOWN
ARCLK.IS,2019-01-01,2019,1,2019-01-01,2019-01-01,True,True,False,True,True,POST_FIRST_POSITIVE_VOLUME,False,UNKNOWN
ARCLK.IS,2019-04-23,2019,1,2019-04-23,2019-04-23,True,True,False,True,True,POST_FIRST_POSITIVE_VOLUME,False,UNKNOWN
ARCLK.IS,2019-05-01,2019,1,2019-05-01,2019-05-01,True,True,False,True,True,POST_FIRST_POSITIVE_VOLUME,False,UNKNOWN
ARCLK.IS,2019-06-04,2019,3,2019-06-04,2019-06-06,True,True,False,True,False,POST_FIRST_POSITIVE_VOLUME,False,MISSING_VOLUME_ONLY
ARCLK.IS,2019-06-05,2019,3,2019-06-04,2019-06-06,True,True,False,True,False,POST_FIRST_POSITIVE_VOLUME,False,MISSING_VOLUME_ONLY
ARCLK.IS,2019-06-06,2019,3,2019-06-04,2019-06-06,True,True,False,True,False,POST_FIRST_POSITIVE_VOLUME,False,MISSING_VOLUME_ONLY
ARCLK.IS,2019-07-15,2019,1,2019-07-15,2019-07-15,True,True,False,True,True,POST_FIRST_POSITIVE_VOLUME,False,UNKNOWN
ARCLK.IS,2019-08-12,2019,3,2019-08-12,2019-08-14,True,True,False,True,True,POST_FIRST_POSITIVE_VOLUME,True,LEGITIMATE_NO_TRADE / SUSPENSION
ARCLK.IS,2019-08-13,2019,3,2019-08-12,2019-08-14,True,True,False,True,True,POST_FIRST_POSITIVE_VOLUME,True,LEGITIMATE_NO_TRADE / SUSPENSION
ARCLK.IS,2019-08-14,2019,3,2019-08-12,2019-08-14,True,True,False,True,True,POST_FIRST_POSITIVE_VOLUME,True,LEGITIMATE_NO_TRADE / SUSPENSION
ARCLK.IS,2019-08-30,2019,1,2019-08-30,2019-08-30,True,True,False,True,True,POST_FIRST_POSITIVE_VOLUME,False,UNKNOWN
ARCLK.IS,2020-03-11,2020,1,2020-03-11,2020-03-11,True,True,False,True,True,POST_FIRST_POSITIVE_VOLUME,False,UNKNOWN
ARCLK.IS,2026-05-27,2026,3,2026-05-27,2026-05-29,True,True,False,True,True,POST_FIRST_POSITIVE_VOLUME,True,LEGITIMATE_NO_TRADE / SUSPENSION
ARCLK.IS,2026-05-28,2026,3,2026-05-27,2026-05-29,True,True,False,True,True,POST_FIRST_POSITIVE_VOLUME,True,LEGITIMATE_NO_TRADE / SUSPENSION
ARCLK.IS,2026-05-29,2026,3,2026-05-27,2026-05-29,True,True,False,True,True,POST_FIRST_POSITIVE_VOLUME,True,LEGITIMATE_NO_TRADE / SUSPENSION
VESTL.IS,2018-04-23,2018,1,2018-04-23,2018-04-23,True,True,False,True,True,POST_FIRST_POSITIVE_VOLUME,False,UNKNOWN
VESTL.IS,2018-05-01,2018,1,2018-05-01,2018-05-01,True,True,False,True,False,POST_FIRST_POSITIVE_VOLUME,False,MISSING_VOLUME_ONLY
VESTL.IS,2018-06-15,2018,1,2018-06-15,2018-06-15,True,True,False,True,True,POST_FIRST_POSITIVE_VOLUME,False,UNKNOWN
VESTL.IS,2018-08-21,2018,4,2018-08-21,2018-08-24,True,True,False,True,True,POST_FIRST_POSITIVE_VOLUME,True,LEGITIMATE_NO_TRADE / SUSPENSION
VESTL.IS,2018-08-22,2018,4,2018-08-21,2018-08-24,True,True,False,True,True,POST_FIRST_POSITIVE_VOLUME,True,LEGITIMATE_NO_TRADE / SUSPENSION
VESTL.IS,2018-08-23,2018,4,2018-08-21,2018-08-24,True,True,False,True,True,POST_FIRST_POSITIVE_VOLUME,True,LEGITIMATE_NO_TRADE / SUSPENSION
VESTL.IS,2018-08-24,2018,4,2018-08-21,2018-08-24,True,True,False,True,True,POST_FIRST_POSITIVE_VOLUME,True,LEGITIMATE_NO_TRADE / SUSPENSION
VESTL.IS,2018-08-30,2018,1,2018-08-30,2018-08-30,True,True,False,True,True,POST_FIRST_POSITIVE_VOLUME,False,UNKNOWN
VESTL.IS,2018-10-29,2018,1,2018-10-29,2018-10-29,True,True,False,True,True,POST_FIRST_POSITIVE_VOLUME,False,UNKNOWN
VESTL.IS,2019-01-01,2019,1,2019-01-01,2019-01-01,True,True,False,True,True,POST_FIRST_POSITIVE_VOLUME,False,UNKNOWN
VESTL.IS,2019-04-23,2019,1,2019-04-23,2019-04-23,True,True,False,True,True,POST_FIRST_POSITIVE_VOLUME,False,UNKNOWN
VESTL.IS,2019-05-01,2019,1,2019-05-01,2019-05-01,True,True,False,True,True,POST_FIRST_POSITIVE_VOLUME,False,UNKNOWN
VESTL.IS,2019-06-04,2019,3,2019-06-04,2019-06-06,True,True,False,True,False,POST_FIRST_POSITIVE_VOLUME,False,MISSING_VOLUME_ONLY
VESTL.IS,2019-06-05,2019,3,2019-06-04,2019-06-06,True,True,False,True,False,POST_FIRST_POSITIVE_VOLUME,False,MISSING_VOLUME_ONLY
VESTL.IS,2019-06-06,2019,3,2019-06-04,2019-06-06,True,True,False,True,False,POST_FIRST_POSITIVE_VOLUME,False,MISSING_VOLUME_ONLY
VESTL.IS,2019-07-15,2019,1,2019-07-15,2019-07-15,True,True,False,True,True,POST_FIRST_POSITIVE_VOLUME,False,UNKNOWN
VESTL.IS,2019-08-12,2019,3,2019-08-12,2019-08-14,True,True,False,True,True,POST_FIRST_POSITIVE_VOLUME,True,LEGITIMATE_NO_TRADE / SUSPENSION
VESTL.IS,2019-08-13,2019,3,2019-08-12,2019-08-14,True,True,False,True,True,POST_FIRST_POSITIVE_VOLUME,True,LEGITIMATE_NO_TRADE / SUSPENSION
VESTL.IS,2019-08-14,2019,3,2019-08-12,2019-08-14,True,True,False,True,True,POST_FIRST_POSITIVE_VOLUME,True,LEGITIMATE_NO_TRADE / SUSPENSION
VESTL.IS,2019-08-30,2019,1,2019-08-30,2019-08-30,True,True,False,True,True,POST_FIRST_POSITIVE_VOLUME,False,UNKNOWN
VESTL.IS,2020-03-11,2020,1,2020-03-11,2020-03-11,True,True,False,True,True,POST_FIRST_POSITIVE_VOLUME,False,UNKNOWN
VESTL.IS,2026-05-27,2026,3,2026-05-27,2026-05-29,True,True,False,True,True,POST_FIRST_POSITIVE_VOLUME,True,LEGITIMATE_NO_TRADE / SUSPENSION
VESTL.IS,2026-05-28,2026,3,2026-05-27,2026-05-29,True,True,False,True,True,POST_FIRST_POSITIVE_VOLUME,True,LEGITIMATE_NO_TRADE / SUSPENSION
VESTL.IS,2026-05-29,2026,3,2026-05-27,2026-05-29,True,True,False,True,True,POST_FIRST_POSITIVE_VOLUME,True,LEGITIMATE_NO_TRADE / SUSPENSION
KRDMD.IS,2018-04-23,2018,1,2018-04-23,2018-04-23,True,True,False,True,True,POST_FIRST_POSITIVE_VOLUME,False,UNKNOWN
KRDMD.IS,2018-05-01,2018,1,2018-05-01,2018-05-01,True,True,False,True,True,POST_FIRST_POSITIVE_VOLUME,False,UNKNOWN
KRDMD.IS,2018-06-15,2018,1,2018-06-15,2018-06-15,True,True,False,True,True,POST_FIRST_POSITIVE_VOLUME,False,UNKNOWN
KRDMD.IS,2018-08-21,2018,4,2018-08-21,2018-08-24,True,True,False,True,True,POST_FIRST_POSITIVE_VOLUME,True,LEGITIMATE_NO_TRADE / SUSPENSION
KRDMD.IS,2018-08-22,2018,4,2018-08-21,2018-08-24,True,True,False,True,True,POST_FIRST_POSITIVE_VOLUME,True,LEGITIMATE_NO_TRADE / SUSPENSION
KRDMD.IS,2018-08-23,2018,4,2018-08-21,2018-08-24,True,True,False,True,True,POST_FIRST_POSITIVE_VOLUME,True,LEGITIMATE_NO_TRADE / SUSPENSION
KRDMD.IS,2018-08-24,2018,4,2018-08-21,2018-08-24,True,True,False,True,True,POST_FIRST_POSITIVE_VOLUME,True,LEGITIMATE_NO_TRADE / SUSPENSION
KRDMD.IS,2018-08-30,2018,1,2018-08-30,2018-08-30,True,True,False,True,True,POST_FIRST_POSITIVE_VOLUME,False,UNKNOWN
KRDMD.IS,2018-10-29,2018,1,2018-10-29,2018-10-29,True,True,False,True,True,POST_FIRST_POSITIVE_VOLUME,False,UNKNOWN
KRDMD.IS,2019-01-01,2019,1,2019-01-01,2019-01-01,True,True,False,True,True,POST_FIRST_POSITIVE_VOLUME,False,UNKNOWN
KRDMD.IS,2019-04-23,2019,1,2019-04-23,2019-04-23,True,True,False,True,True,POST_FIRST_POSITIVE_VOLUME,False,UNKNOWN
KRDMD.IS,2019-05-01,2019,1,2019-05-01,2019-05-01,True,True,False,True,True,POST_FIRST_POSITIVE_VOLUME,False,UNKNOWN
KRDMD.IS,2019-06-04,2019,3,2019-06-04,2019-06-06,True,True,False,True,True,POST_FIRST_POSITIVE_VOLUME,True,LEGITIMATE_NO_TRADE / SUSPENSION
KRDMD.IS,2019-06-05,2019,3,2019-06-04,2019-06-06,True,True,False,True,True,POST_FIRST_POSITIVE_VOLUME,True,LEGITIMATE_NO_TRADE / SUSPENSION
KRDMD.IS,2019-06-06,2019,3,2019-06-04,2019-06-06,True,True,False,True,True,POST_FIRST_POSITIVE_VOLUME,True,LEGITIMATE_NO_TRADE / SUSPENSION
KRDMD.IS,2019-07-15,2019,1,2019-07-15,2019-07-15,True,True,False,True,True,POST_FIRST_POSITIVE_VOLUME,False,UNKNOWN
KRDMD.IS,2019-08-12,2019,3,2019-08-12,2019-08-14,True,True,False,True,True,POST_FIRST_POSITIVE_VOLUME,True,LEGITIMATE_NO_TRADE / SUSPENSION
KRDMD.IS,2019-08-13,2019,3,2019-08-12,2019-08-14,True,True,False,True,True,POST_FIRST_POSITIVE_VOLUME,True,LEGITIMATE_NO_TRADE / SUSPENSION
KRDMD.IS,2019-08-14,2019,3,2019-08-12,2019-08-14,True,True,False,True,True,POST_FIRST_POSITIVE_VOLUME,True,LEGITIMATE_NO_TRADE / SUSPENSION
KRDMD.IS,2019-08-30,2019,1,2019-08-30,2019-08-30,True,True,False,True,True,POST_FIRST_POSITIVE_VOLUME,False,UNKNOWN
KRDMD.IS,2020-03-11,2020,1,2020-03-11,2020-03-11,True,True,False,True,True,POST_FIRST_POSITIVE_VOLUME,False,UNKNOWN
KRDMD.IS,2026-05-27,2026,3,2026-05-27,2026-05-29,True,True,False,True,True,POST_FIRST_POSITIVE_VOLUME,True,LEGITIMATE_NO_TRADE / SUSPENSION
KRDMD.IS,2026-05-28,2026,3,2026-05-27,2026-05-29,True,True,False,True,True,POST_FIRST_POSITIVE_VOLUME,True,LEGITIMATE_NO_TRADE / SUSPENSION
KRDMD.IS,2026-05-29,2026,3,2026-05-27,2026-05-29,True,True,False,True,True,POST_FIRST_POSITIVE_VOLUME,True,LEGITIMATE_NO_TRADE / SUSPENSION
BRSAN.IS,2018-04-23,2018,1,2018-04-23,2018-04-23,True,True,False,True,True,POST_FIRST_POSITIVE_VOLUME,False,UNKNOWN
BRSAN.IS,2018-05-01,2018,1,2018-05-01,2018-05-01,True,True,False,True,True,POST_FIRST_POSITIVE_VOLUME,False,UNKNOWN
BRSAN.IS,2018-06-15,2018,1,2018-06-15,2018-06-15,True,True,False,True,True,POST_FIRST_POSITIVE_VOLUME,False,UNKNOWN
BRSAN.IS,2018-08-21,2018,4,2018-08-21,2018-08-24,True,True,False,True,True,POST_FIRST_POSITIVE_VOLUME,True,LEGITIMATE_NO_TRADE / SUSPENSION
BRSAN.IS,2018-08-22,2018,4,2018-08-21,2018-08-24,True,True,False,True,True,POST_FIRST_POSITIVE_VOLUME,True,LEGITIMATE_NO_TRADE / SUSPENSION
BRSAN.IS,2018-08-23,2018,4,2018-08-21,2018-08-24,True,True,False,True,True,POST_FIRST_POSITIVE_VOLUME,True,LEGITIMATE_NO_TRADE / SUSPENSION
BRSAN.IS,2018-08-24,2018,4,2018-08-21,2018-08-24,True,True,False,True,True,POST_FIRST_POSITIVE_VOLUME,True,LEGITIMATE_NO_TRADE / SUSPENSION
BRSAN.IS,2018-08-30,2018,1,2018-08-30,2018-08-30,True,True,False,True,True,POST_FIRST_POSITIVE_VOLUME,False,UNKNOWN
BRSAN.IS,2018-10-29,2018,1,2018-10-29,2018-10-29,True,True,False,True,True,POST_FIRST_POSITIVE_VOLUME,False,UNKNOWN
BRSAN.IS,2019-01-01,2019,1,2019-01-01,2019-01-01,True,True,False,True,True,POST_FIRST_POSITIVE_VOLUME,False,UNKNOWN
BRSAN.IS,2019-04-23,2019,1,2019-04-23,2019-04-23,True,True,False,True,True,POST_FIRST_POSITIVE_VOLUME,False,UNKNOWN
BRSAN.IS,2019-05-01,2019,1,2019-05-01,2019-05-01,True,True,False,True,True,POST_FIRST_POSITIVE_VOLUME,False,UNKNOWN
BRSAN.IS,2019-06-04,2019,3,2019-06-04,2019-06-06,True,True,False,True,True,POST_FIRST_POSITIVE_VOLUME,True,LEGITIMATE_NO_TRADE / SUSPENSION
BRSAN.IS,2019-06-05,2019,3,2019-06-04,2019-06-06,True,True,False,True,True,POST_FIRST_POSITIVE_VOLUME,True,LEGITIMATE_NO_TRADE / SUSPENSION
BRSAN.IS,2019-06-06,2019,3,2019-06-04,2019-06-06,True,True,False,True,True,POST_FIRST_POSITIVE_VOLUME,True,LEGITIMATE_NO_TRADE / SUSPENSION
BRSAN.IS,2019-07-15,2019,1,2019-07-15,2019-07-15,True,True,False,True,True,POST_FIRST_POSITIVE_VOLUME,False,UNKNOWN
BRSAN.IS,2019-08-12,2019,3,2019-08-12,2019-08-14,True,True,False,True,True,POST_FIRST_POSITIVE_VOLUME,True,LEGITIMATE_NO_TRADE / SUSPENSION
BRSAN.IS,2019-08-13,2019,3,2019-08-12,2019-08-14,True,True,False,True,True,POST_FIRST_POSITIVE_VOLUME,True,LEGITIMATE_NO_TRADE / SUSPENSION
BRSAN.IS,2019-08-14,2019,3,2019-08-12,2019-08-14,True,True,False,True,True,POST_FIRST_POSITIVE_VOLUME,True,LEGITIMATE_NO_TRADE / SUSPENSION
BRSAN.IS,2019-08-30,2019,1,2019-08-30,2019-08-30,True,True,False,True,True,POST_FIRST_POSITIVE_VOLUME,False,UNKNOWN
BRSAN.IS,2020-03-11,2020,1,2020-03-11,2020-03-11,True,True,False,True,True,POST_FIRST_POSITIVE_VOLUME,False,UNKNOWN
BRSAN.IS,2026-05-27,2026,3,2026-05-27,2026-05-29,True,True,False,True,True,POST_FIRST_POSITIVE_VOLUME,True,LEGITIMATE_NO_TRADE / SUSPENSION
BRSAN.IS,2026-05-28,2026,3,2026-05-27,2026-05-29,True,True,False,True,True,POST_FIRST_POSITIVE_VOLUME,True,LEGITIMATE_NO_TRADE / SUSPENSION
BRSAN.IS,2026-05-29,2026,3,2026-05-27,2026-05-29,True,True,False,True,True,POST_FIRST_POSITIVE_VOLUME,True,LEGITIMATE_NO_TRADE / SUSPENSION
KCAER.IS,2023-02-08,2023,1,2023-02-08,2023-02-08,True,True,False,True,True,POST_FIRST_POSITIVE_VOLUME,False,UNKNOWN
KCAER.IS,2024-04-09,2024,1,2024-04-09,2024-04-09,True,True,False,True,True,POST_FIRST_POSITIVE_VOLUME,False,UNKNOWN
KCAER.IS,2026-05-27,2026,3,2026-05-27,2026-05-29,True,True,False,True,True,POST_FIRST_POSITIVE_VOLUME,True,LEGITIMATE_NO_TRADE / SUSPENSION
KCAER.IS,2026-05-28,2026,3,2026-05-27,2026-05-29,True,True,False,True,True,POST_FIRST_POSITIVE_VOLUME,True,LEGITIMATE_NO_TRADE / SUSPENSION
KCAER.IS,2026-05-29,2026,3,2026-05-27,2026-05-29,True,True,False,True,True,POST_FIRST_POSITIVE_VOLUME,True,LEGITIMATE_NO_TRADE / SUSPENSION
CIMSA.IS,2018-04-23,2018,1,2018-04-23,2018-04-23,True,True,False,True,True,POST_FIRST_POSITIVE_VOLUME,False,UNKNOWN
CIMSA.IS,2018-05-01,2018,1,2018-05-01,2018-05-01,True,True,False,True,True,POST_FIRST_POSITIVE_VOLUME,False,UNKNOWN
CIMSA.IS,2018-06-15,2018,1,2018-06-15,2018-06-15,True,True,False,True,True,POST_FIRST_POSITIVE_VOLUME,False,UNKNOWN
CIMSA.IS,2018-08-21,2018,4,2018-08-21,2018-08-24,True,True,False,True,True,POST_FIRST_POSITIVE_VOLUME,True,LEGITIMATE_NO_TRADE / SUSPENSION
CIMSA.IS,2018-08-22,2018,4,2018-08-21,2018-08-24,True,True,False,True,True,POST_FIRST_POSITIVE_VOLUME,True,LEGITIMATE_NO_TRADE / SUSPENSION
CIMSA.IS,2018-08-23,2018,4,2018-08-21,2018-08-24,True,True,False,True,True,POST_FIRST_POSITIVE_VOLUME,True,LEGITIMATE_NO_TRADE / SUSPENSION
CIMSA.IS,2018-08-24,2018,4,2018-08-21,2018-08-24,True,True,False,True,True,POST_FIRST_POSITIVE_VOLUME,True,LEGITIMATE_NO_TRADE / SUSPENSION
CIMSA.IS,2018-08-30,2018,1,2018-08-30,2018-08-30,True,True,False,True,True,POST_FIRST_POSITIVE_VOLUME,False,UNKNOWN
CIMSA.IS,2018-10-29,2018,1,2018-10-29,2018-10-29,True,True,False,True,True,POST_FIRST_POSITIVE_VOLUME,False,UNKNOWN
CIMSA.IS,2019-01-01,2019,1,2019-01-01,2019-01-01,True,True,False,True,True,POST_FIRST_POSITIVE_VOLUME,False,UNKNOWN
CIMSA.IS,2019-04-23,2019,1,2019-04-23,2019-04-23,True,True,False,True,True,POST_FIRST_POSITIVE_VOLUME,False,UNKNOWN
CIMSA.IS,2019-05-01,2019,1,2019-05-01,2019-05-01,True,True,False,True,True,POST_FIRST_POSITIVE_VOLUME,False,UNKNOWN
CIMSA.IS,2019-06-04,2019,3,2019-06-04,2019-06-06,True,True,False,True,True,POST_FIRST_POSITIVE_VOLUME,True,LEGITIMATE_NO_TRADE / SUSPENSION
CIMSA.IS,2019-06-05,2019,3,2019-06-04,2019-06-06,True,True,False,True,True,POST_FIRST_POSITIVE_VOLUME,True,LEGITIMATE_NO_TRADE / SUSPENSION
CIMSA.IS,2019-06-06,2019,3,2019-06-04,2019-06-06,True,True,False,True,True,POST_FIRST_POSITIVE_VOLUME,True,LEGITIMATE_NO_TRADE / SUSPENSION
CIMSA.IS,2019-07-15,2019,1,2019-07-15,2019-07-15,True,True,False,True,True,POST_FIRST_POSITIVE_VOLUME,False,UNKNOWN
CIMSA.IS,2019-08-12,2019,3,2019-08-12,2019-08-14,True,True,False,True,True,POST_FIRST_POSITIVE_VOLUME,True,LEGITIMATE_NO_TRADE / SUSPENSION
CIMSA.IS,2019-08-13,2019,3,2019-08-12,2019-08-14,True,True,False,True,True,POST_FIRST_POSITIVE_VOLUME,True,LEGITIMATE_NO_TRADE / SUSPENSION
CIMSA.IS,2019-08-14,2019,3,2019-08-12,2019-08-14,True,True,False,True,True,POST_FIRST_POSITIVE_VOLUME,True,LEGITIMATE_NO_TRADE / SUSPENSION
CIMSA.IS,2019-08-30,2019,1,2019-08-30,2019-08-30,True,True,False,True,True,POST_FIRST_POSITIVE_VOLUME,False,UNKNOWN
CIMSA.IS,2020-03-11,2020,1,2020-03-11,2020-03-11,True,True,False,True,True,POST_FIRST_POSITIVE_VOLUME,False,UNKNOWN
CIMSA.IS,2026-05-27,2026,3,2026-05-27,2026-05-29,True,True,False,True,True,POST_FIRST_POSITIVE_VOLUME,True,LEGITIMATE_NO_TRADE / SUSPENSION
CIMSA.IS,2026-05-28,2026,3,2026-05-27,2026-05-29,True,True,False,True,True,POST_FIRST_POSITIVE_VOLUME,True,LEGITIMATE_NO_TRADE / SUSPENSION
CIMSA.IS,2026-05-29,2026,3,2026-05-27,2026-05-29,True,True,False,True,True,POST_FIRST_POSITIVE_VOLUME,True,LEGITIMATE_NO_TRADE / SUSPENSION
OYAKC.IS,2018-04-23,2018,1,2018-04-23,2018-04-23,True,True,False,True,True,POST_FIRST_POSITIVE_VOLUME,False,UNKNOWN
OYAKC.IS,2018-05-01,2018,1,2018-05-01,2018-05-01,True,True,False,True,False,POST_FIRST_POSITIVE_VOLUME,False,MISSING_VOLUME_ONLY
OYAKC.IS,2018-06-15,2018,1,2018-06-15,2018-06-15,True,True,False,True,True,POST_FIRST_POSITIVE_VOLUME,False,UNKNOWN
OYAKC.IS,2018-08-21,2018,4,2018-08-21,2018-08-24,True,True,False,True,True,POST_FIRST_POSITIVE_VOLUME,True,LEGITIMATE_NO_TRADE / SUSPENSION
OYAKC.IS,2018-08-22,2018,4,2018-08-21,2018-08-24,True,True,False,True,True,POST_FIRST_POSITIVE_VOLUME,True,LEGITIMATE_NO_TRADE / SUSPENSION
OYAKC.IS,2018-08-23,2018,4,2018-08-21,2018-08-24,True,True,False,True,True,POST_FIRST_POSITIVE_VOLUME,True,LEGITIMATE_NO_TRADE / SUSPENSION
OYAKC.IS,2018-08-24,2018,4,2018-08-21,2018-08-24,True,True,False,True,True,POST_FIRST_POSITIVE_VOLUME,True,LEGITIMATE_NO_TRADE / SUSPENSION
OYAKC.IS,2018-08-30,2018,1,2018-08-30,2018-08-30,True,True,False,True,True,POST_FIRST_POSITIVE_VOLUME,False,UNKNOWN
OYAKC.IS,2018-10-29,2018,1,2018-10-29,2018-10-29,True,True,False,True,True,POST_FIRST_POSITIVE_VOLUME,False,UNKNOWN
OYAKC.IS,2019-01-01,2019,1,2019-01-01,2019-01-01,True,True,False,True,True,POST_FIRST_POSITIVE_VOLUME,False,UNKNOWN
OYAKC.IS,2019-04-23,2019,1,2019-04-23,2019-04-23,True,True,False,True,True,POST_FIRST_POSITIVE_VOLUME,False,UNKNOWN
OYAKC.IS,2019-05-01,2019,1,2019-05-01,2019-05-01,True,True,False,True,True,POST_FIRST_POSITIVE_VOLUME,False,UNKNOWN
OYAKC.IS,2019-06-04,2019,3,2019-06-04,2019-06-06,True,True,False,True,True,POST_FIRST_POSITIVE_VOLUME,True,LEGITIMATE_NO_TRADE / SUSPENSION
OYAKC.IS,2019-06-05,2019,3,2019-06-04,2019-06-06,True,True,False,True,True,POST_FIRST_POSITIVE_VOLUME,True,LEGITIMATE_NO_TRADE / SUSPENSION
OYAKC.IS,2019-06-06,2019,3,2019-06-04,2019-06-06,True,True,False,True,True,POST_FIRST_POSITIVE_VOLUME,True,LEGITIMATE_NO_TRADE / SUSPENSION
OYAKC.IS,2019-07-15,2019,1,2019-07-15,2019-07-15,True,True,False,True,True,POST_FIRST_POSITIVE_VOLUME,False,UNKNOWN
OYAKC.IS,2019-08-12,2019,3,2019-08-12,2019-08-14,True,True,False,True,True,POST_FIRST_POSITIVE_VOLUME,True,LEGITIMATE_NO_TRADE / SUSPENSION
OYAKC.IS,2019-08-13,2019,3,2019-08-12,2019-08-14,True,True,False,True,True,POST_FIRST_POSITIVE_VOLUME,True,LEGITIMATE_NO_TRADE / SUSPENSION
OYAKC.IS,2019-08-14,2019,3,2019-08-12,2019-08-14,True,True,False,True,True,POST_FIRST_POSITIVE_VOLUME,True,LEGITIMATE_NO_TRADE / SUSPENSION
OYAKC.IS,2019-08-30,2019,1,2019-08-30,2019-08-30,True,True,False,True,True,POST_FIRST_POSITIVE_VOLUME,False,UNKNOWN
OYAKC.IS,2020-03-11,2020,1,2020-03-11,2020-03-11,True,True,False,True,True,POST_FIRST_POSITIVE_VOLUME,False,UNKNOWN
OYAKC.IS,2020-06-01,2020,5,2020-06-01,2020-06-05,True,True,False,True,True,POST_FIRST_POSITIVE_VOLUME,True,LEGITIMATE_NO_TRADE / SUSPENSION
OYAKC.IS,2020-06-02,2020,5,2020-06-01,2020-06-05,True,True,False,True,True,POST_FIRST_POSITIVE_VOLUME,True,LEGITIMATE_NO_TRADE / SUSPENSION
OYAKC.IS,2020-06-03,2020,5,2020-06-01,2020-06-05,True,True,False,True,True,POST_FIRST_POSITIVE_VOLUME,True,LEGITIMATE_NO_TRADE / SUSPENSION
OYAKC.IS,2020-06-04,2020,5,2020-06-01,2020-06-05,True,True,False,True,True,POST_FIRST_POSITIVE_VOLUME,True,LEGITIMATE_NO_TRADE / SUSPENSION
OYAKC.IS,2020-06-05,2020,5,2020-06-01,2020-06-05,True,True,False,True,True,POST_FIRST_POSITIVE_VOLUME,True,LEGITIMATE_NO_TRADE / SUSPENSION
OYAKC.IS,2024-04-09,2024,1,2024-04-09,2024-04-09,True,True,False,True,True,POST_FIRST_POSITIVE_VOLUME,False,UNKNOWN
OYAKC.IS,2026-05-27,2026,3,2026-05-27,2026-05-29,True,True,False,True,True,POST_FIRST_POSITIVE_VOLUME,True,LEGITIMATE_NO_TRADE / SUSPENSION
OYAKC.IS,2026-05-28,2026,3,2026-05-27,2026-05-29,True,True,False,True,True,POST_FIRST_POSITIVE_VOLUME,True,LEGITIMATE_NO_TRADE / SUSPENSION
OYAKC.IS,2026-05-29,2026,3,2026-05-27,2026-05-29,True,True,False,True,True,POST_FIRST_POSITIVE_VOLUME,True,LEGITIMATE_NO_TRADE / SUSPENSION
BSOKE.IS,2018-04-23,2018,1,2018-04-23,2018-04-23,True,True,False,True,True,POST_FIRST_POSITIVE_VOLUME,False,UNKNOWN
BSOKE.IS,2018-05-01,2018,1,2018-05-01,2018-05-01,True,True,False,True,True,POST_FIRST_POSITIVE_VOLUME,False,UNKNOWN
BSOKE.IS,2018-06-15,2018,1,2018-06-15,2018-06-15,True,True,False,True,True,POST_FIRST_POSITIVE_VOLUME,False,UNKNOWN
BSOKE.IS,2018-08-21,2018,4,2018-08-21,2018-08-24,True,True,False,True,True,POST_FIRST_POSITIVE_VOLUME,True,LEGITIMATE_NO_TRADE / SUSPENSION
BSOKE.IS,2018-08-22,2018,4,2018-08-21,2018-08-24,True,True,False,True,True,POST_FIRST_POSITIVE_VOLUME,True,LEGITIMATE_NO_TRADE / SUSPENSION
BSOKE.IS,2018-08-23,2018,4,2018-08-21,2018-08-24,True,True,False,True,True,POST_FIRST_POSITIVE_VOLUME,True,LEGITIMATE_NO_TRADE / SUSPENSION
BSOKE.IS,2018-08-24,2018,4,2018-08-21,2018-08-24,True,True,False,True,True,POST_FIRST_POSITIVE_VOLUME,True,LEGITIMATE_NO_TRADE / SUSPENSION
BSOKE.IS,2018-08-30,2018,1,2018-08-30,2018-08-30,True,True,False,True,True,POST_FIRST_POSITIVE_VOLUME,False,UNKNOWN
BSOKE.IS,2018-10-29,2018,1,2018-10-29,2018-10-29,True,True,False,True,True,POST_FIRST_POSITIVE_VOLUME,False,UNKNOWN
BSOKE.IS,2019-01-01,2019,1,2019-01-01,2019-01-01,True,True,False,True,True,POST_FIRST_POSITIVE_VOLUME,False,UNKNOWN
BSOKE.IS,2019-04-23,2019,1,2019-04-23,2019-04-23,True,True,False,True,True,POST_FIRST_POSITIVE_VOLUME,False,UNKNOWN
BSOKE.IS,2019-05-01,2019,1,2019-05-01,2019-05-01,True,True,False,True,True,POST_FIRST_POSITIVE_VOLUME,False,UNKNOWN
BSOKE.IS,2019-06-04,2019,3,2019-06-04,2019-06-06,True,True,False,True,True,POST_FIRST_POSITIVE_VOLUME,True,LEGITIMATE_NO_TRADE / SUSPENSION
BSOKE.IS,2019-06-05,2019,3,2019-06-04,2019-06-06,True,True,False,True,True,POST_FIRST_POSITIVE_VOLUME,True,LEGITIMATE_NO_TRADE / SUSPENSION
BSOKE.IS,2019-06-06,2019,3,2019-06-04,2019-06-06,True,True,False,True,True,POST_FIRST_POSITIVE_VOLUME,True,LEGITIMATE_NO_TRADE / SUSPENSION
BSOKE.IS,2019-07-15,2019,1,2019-07-15,2019-07-15,True,True,False,True,True,POST_FIRST_POSITIVE_VOLUME,False,UNKNOWN
BSOKE.IS,2019-08-12,2019,3,2019-08-12,2019-08-14,True,True,False,True,True,POST_FIRST_POSITIVE_VOLUME,True,LEGITIMATE_NO_TRADE / SUSPENSION
BSOKE.IS,2019-08-13,2019,3,2019-08-12,2019-08-14,True,True,False,True,True,POST_FIRST_POSITIVE_VOLUME,True,LEGITIMATE_NO_TRADE / SUSPENSION
BSOKE.IS,2019-08-14,2019,3,2019-08-12,2019-08-14,True,True,False,True,True,POST_FIRST_POSITIVE_VOLUME,True,LEGITIMATE_NO_TRADE / SUSPENSION
BSOKE.IS,2019-08-30,2019,1,2019-08-30,2019-08-30,True,True,False,True,True,POST_FIRST_POSITIVE_VOLUME,False,UNKNOWN
BSOKE.IS,2020-03-11,2020,1,2020-03-11,2020-03-11,True,True,False,True,True,POST_FIRST_POSITIVE_VOLUME,False,UNKNOWN
BSOKE.IS,2026-05-27,2026,3,2026-05-27,2026-05-29,True,True,False,True,True,POST_FIRST_POSITIVE_VOLUME,True,LEGITIMATE_NO_TRADE / SUSPENSION
BSOKE.IS,2026-05-28,2026,3,2026-05-27,2026-05-29,True,True,False,True,True,POST_FIRST_POSITIVE_VOLUME,True,LEGITIMATE_NO_TRADE / SUSPENSION
BSOKE.IS,2026-05-29,2026,3,2026-05-27,2026-05-29,True,True,False,True,True,POST_FIRST_POSITIVE_VOLUME,True,LEGITIMATE_NO_TRADE / SUSPENSION
SOKM.IS,2018-06-15,2018,1,2018-06-15,2018-06-15,True,True,False,True,True,POST_FIRST_POSITIVE_VOLUME,False,UNKNOWN
SOKM.IS,2018-08-21,2018,4,2018-08-21,2018-08-24,True,True,False,True,True,POST_FIRST_POSITIVE_VOLUME,True,LEGITIMATE_NO_TRADE / SUSPENSION
SOKM.IS,2018-08-22,2018,4,2018-08-21,2018-08-24,True,True,False,True,True,POST_FIRST_POSITIVE_VOLUME,True,LEGITIMATE_NO_TRADE / SUSPENSION
SOKM.IS,2018-08-23,2018,4,2018-08-21,2018-08-24,True,True,False,True,True,POST_FIRST_POSITIVE_VOLUME,True,LEGITIMATE_NO_TRADE / SUSPENSION
SOKM.IS,2018-08-24,2018,4,2018-08-21,2018-08-24,True,True,False,True,True,POST_FIRST_POSITIVE_VOLUME,True,LEGITIMATE_NO_TRADE / SUSPENSION
SOKM.IS,2018-08-30,2018,1,2018-08-30,2018-08-30,True,True,False,True,True,POST_FIRST_POSITIVE_VOLUME,False,UNKNOWN
SOKM.IS,2018-10-29,2018,1,2018-10-29,2018-10-29,True,True,False,True,True,POST_FIRST_POSITIVE_VOLUME,False,UNKNOWN
SOKM.IS,2019-01-01,2019,1,2019-01-01,2019-01-01,True,True,False,True,True,POST_FIRST_POSITIVE_VOLUME,False,UNKNOWN
SOKM.IS,2019-04-23,2019,1,2019-04-23,2019-04-23,True,True,False,True,True,POST_FIRST_POSITIVE_VOLUME,False,UNKNOWN
SOKM.IS,2019-05-01,2019,1,2019-05-01,2019-05-01,True,True,False,True,True,POST_FIRST_POSITIVE_VOLUME,False,UNKNOWN
SOKM.IS,2019-06-04,2019,3,2019-06-04,2019-06-06,True,True,False,True,True,POST_FIRST_POSITIVE_VOLUME,True,LEGITIMATE_NO_TRADE / SUSPENSION
SOKM.IS,2019-06-05,2019,3,2019-06-04,2019-06-06,True,True,False,True,True,POST_FIRST_POSITIVE_VOLUME,True,LEGITIMATE_NO_TRADE / SUSPENSION
SOKM.IS,2019-06-06,2019,3,2019-06-04,2019-06-06,True,True,False,True,True,POST_FIRST_POSITIVE_VOLUME,True,LEGITIMATE_NO_TRADE / SUSPENSION
SOKM.IS,2019-07-15,2019,1,2019-07-15,2019-07-15,True,True,False,True,True,POST_FIRST_POSITIVE_VOLUME,False,UNKNOWN
SOKM.IS,2019-08-12,2019,3,2019-08-12,2019-08-14,True,True,False,True,True,POST_FIRST_POSITIVE_VOLUME,True,LEGITIMATE_NO_TRADE / SUSPENSION
SOKM.IS,2019-08-13,2019,3,2019-08-12,2019-08-14,True,True,False,True,True,POST_FIRST_POSITIVE_VOLUME,True,LEGITIMATE_NO_TRADE / SUSPENSION
SOKM.IS,2019-08-14,2019,3,2019-08-12,2019-08-14,True,True,False,True,True,POST_FIRST_POSITIVE_VOLUME,True,LEGITIMATE_NO_TRADE / SUSPENSION
SOKM.IS,2019-08-30,2019,1,2019-08-30,2019-08-30,True,True,False,True,True,POST_FIRST_POSITIVE_VOLUME,False,UNKNOWN
SOKM.IS,2020-03-11,2020,1,2020-03-11,2020-03-11,True,True,False,True,True,POST_FIRST_POSITIVE_VOLUME,False,UNKNOWN
SOKM.IS,2026-05-27,2026,3,2026-05-27,2026-05-29,True,True,False,True,True,POST_FIRST_POSITIVE_VOLUME,True,LEGITIMATE_NO_TRADE / SUSPENSION
SOKM.IS,2026-05-28,2026,3,2026-05-27,2026-05-29,True,True,False,True,True,POST_FIRST_POSITIVE_VOLUME,True,LEGITIMATE_NO_TRADE / SUSPENSION
SOKM.IS,2026-05-29,2026,3,2026-05-27,2026-05-29,True,True,False,True,True,POST_FIRST_POSITIVE_VOLUME,True,LEGITIMATE_NO_TRADE / SUSPENSION
MAVI.IS,2018-04-23,2018,1,2018-04-23,2018-04-23,True,True,False,True,True,POST_FIRST_POSITIVE_VOLUME,False,UNKNOWN
MAVI.IS,2018-05-01,2018,1,2018-05-01,2018-05-01,True,True,False,True,True,POST_FIRST_POSITIVE_VOLUME,False,UNKNOWN
MAVI.IS,2018-06-15,2018,1,2018-06-15,2018-06-15,True,True,False,True,True,POST_FIRST_POSITIVE_VOLUME,False,UNKNOWN
MAVI.IS,2018-08-21,2018,4,2018-08-21,2018-08-24,True,True,False,True,True,POST_FIRST_POSITIVE_VOLUME,True,LEGITIMATE_NO_TRADE / SUSPENSION
MAVI.IS,2018-08-22,2018,4,2018-08-21,2018-08-24,True,True,False,True,True,POST_FIRST_POSITIVE_VOLUME,True,LEGITIMATE_NO_TRADE / SUSPENSION
MAVI.IS,2018-08-23,2018,4,2018-08-21,2018-08-24,True,True,False,True,True,POST_FIRST_POSITIVE_VOLUME,True,LEGITIMATE_NO_TRADE / SUSPENSION
MAVI.IS,2018-08-24,2018,4,2018-08-21,2018-08-24,True,True,False,True,True,POST_FIRST_POSITIVE_VOLUME,True,LEGITIMATE_NO_TRADE / SUSPENSION
MAVI.IS,2018-08-30,2018,1,2018-08-30,2018-08-30,True,True,False,True,True,POST_FIRST_POSITIVE_VOLUME,False,UNKNOWN
MAVI.IS,2018-10-29,2018,1,2018-10-29,2018-10-29,True,True,False,True,True,POST_FIRST_POSITIVE_VOLUME,False,UNKNOWN
MAVI.IS,2019-01-01,2019,1,2019-01-01,2019-01-01,True,True,False,True,True,POST_FIRST_POSITIVE_VOLUME,False,UNKNOWN
MAVI.IS,2019-04-23,2019,1,2019-04-23,2019-04-23,True,True,False,True,True,POST_FIRST_POSITIVE_VOLUME,False,UNKNOWN
MAVI.IS,2019-05-01,2019,1,2019-05-01,2019-05-01,True,True,False,True,True,POST_FIRST_POSITIVE_VOLUME,False,UNKNOWN
MAVI.IS,2019-06-04,2019,3,2019-06-04,2019-06-06,True,True,False,True,True,POST_FIRST_POSITIVE_VOLUME,True,LEGITIMATE_NO_TRADE / SUSPENSION
MAVI.IS,2019-06-05,2019,3,2019-06-04,2019-06-06,True,True,False,True,True,POST_FIRST_POSITIVE_VOLUME,True,LEGITIMATE_NO_TRADE / SUSPENSION
MAVI.IS,2019-06-06,2019,3,2019-06-04,2019-06-06,True,True,False,True,True,POST_FIRST_POSITIVE_VOLUME,True,LEGITIMATE_NO_TRADE / SUSPENSION
MAVI.IS,2019-07-15,2019,1,2019-07-15,2019-07-15,True,True,False,True,True,POST_FIRST_POSITIVE_VOLUME,False,UNKNOWN
MAVI.IS,2019-08-12,2019,3,2019-08-12,2019-08-14,True,True,False,True,True,POST_FIRST_POSITIVE_VOLUME,True,LEGITIMATE_NO_TRADE / SUSPENSION
MAVI.IS,2019-08-13,2019,3,2019-08-12,2019-08-14,True,True,False,True,True,POST_FIRST_POSITIVE_VOLUME,True,LEGITIMATE_NO_TRADE / SUSPENSION
MAVI.IS,2019-08-14,2019,3,2019-08-12,2019-08-14,True,True,False,True,True,POST_FIRST_POSITIVE_VOLUME,True,LEGITIMATE_NO_TRADE / SUSPENSION
MAVI.IS,2019-08-30,2019,1,2019-08-30,2019-08-30,True,True,False,True,False,POST_FIRST_POSITIVE_VOLUME,False,MISSING_VOLUME_ONLY
MAVI.IS,2024-04-09,2024,1,2024-04-09,2024-04-09,True,True,False,True,True,POST_FIRST_POSITIVE_VOLUME,False,UNKNOWN
MAVI.IS,2026-05-27,2026,3,2026-05-27,2026-05-29,True,True,False,True,True,POST_FIRST_POSITIVE_VOLUME,True,LEGITIMATE_NO_TRADE / SUSPENSION
MAVI.IS,2026-05-28,2026,3,2026-05-27,2026-05-29,True,True,False,True,True,POST_FIRST_POSITIVE_VOLUME,True,LEGITIMATE_NO_TRADE / SUSPENSION
MAVI.IS,2026-05-29,2026,3,2026-05-27,2026-05-29,True,True,False,True,True,POST_FIRST_POSITIVE_VOLUME,True,LEGITIMATE_NO_TRADE / SUSPENSION
CCOLA.IS,2018-04-23,2018,1,2018-04-23,2018-04-23,True,True,False,True,True,POST_FIRST_POSITIVE_VOLUME,False,UNKNOWN
CCOLA.IS,2018-05-01,2018,1,2018-05-01,2018-05-01,True,True,False,True,True,POST_FIRST_POSITIVE_VOLUME,False,UNKNOWN
CCOLA.IS,2018-06-15,2018,1,2018-06-15,2018-06-15,True,True,False,True,True,POST_FIRST_POSITIVE_VOLUME,False,UNKNOWN
CCOLA.IS,2018-08-21,2018,4,2018-08-21,2018-08-24,True,True,False,True,True,POST_FIRST_POSITIVE_VOLUME,True,LEGITIMATE_NO_TRADE / SUSPENSION
CCOLA.IS,2018-08-22,2018,4,2018-08-21,2018-08-24,True,True,False,True,True,POST_FIRST_POSITIVE_VOLUME,True,LEGITIMATE_NO_TRADE / SUSPENSION
CCOLA.IS,2018-08-23,2018,4,2018-08-21,2018-08-24,True,True,False,True,True,POST_FIRST_POSITIVE_VOLUME,True,LEGITIMATE_NO_TRADE / SUSPENSION
CCOLA.IS,2018-08-24,2018,4,2018-08-21,2018-08-24,True,True,False,True,True,POST_FIRST_POSITIVE_VOLUME,True,LEGITIMATE_NO_TRADE / SUSPENSION
CCOLA.IS,2018-08-30,2018,1,2018-08-30,2018-08-30,True,True,False,True,True,POST_FIRST_POSITIVE_VOLUME,False,UNKNOWN
CCOLA.IS,2018-10-29,2018,1,2018-10-29,2018-10-29,True,True,False,True,True,POST_FIRST_POSITIVE_VOLUME,False,UNKNOWN
CCOLA.IS,2019-01-01,2019,1,2019-01-01,2019-01-01,True,True,False,True,True,POST_FIRST_POSITIVE_VOLUME,False,UNKNOWN
CCOLA.IS,2019-04-23,2019,1,2019-04-23,2019-04-23,True,True,False,True,True,POST_FIRST_POSITIVE_VOLUME,False,UNKNOWN
CCOLA.IS,2019-05-01,2019,1,2019-05-01,2019-05-01,True,True,False,True,True,POST_FIRST_POSITIVE_VOLUME,False,UNKNOWN
CCOLA.IS,2019-06-04,2019,3,2019-06-04,2019-06-06,True,True,False,True,True,POST_FIRST_POSITIVE_VOLUME,True,LEGITIMATE_NO_TRADE / SUSPENSION
CCOLA.IS,2019-06-05,2019,3,2019-06-04,2019-06-06,True,True,False,True,True,POST_FIRST_POSITIVE_VOLUME,True,LEGITIMATE_NO_TRADE / SUSPENSION
CCOLA.IS,2019-06-06,2019,3,2019-06-04,2019-06-06,True,True,False,True,True,POST_FIRST_POSITIVE_VOLUME,True,LEGITIMATE_NO_TRADE / SUSPENSION
CCOLA.IS,2019-07-15,2019,1,2019-07-15,2019-07-15,True,True,False,True,True,POST_FIRST_POSITIVE_VOLUME,False,UNKNOWN
CCOLA.IS,2019-08-12,2019,3,2019-08-12,2019-08-14,True,True,False,True,True,POST_FIRST_POSITIVE_VOLUME,True,LEGITIMATE_NO_TRADE / SUSPENSION
CCOLA.IS,2019-08-13,2019,3,2019-08-12,2019-08-14,True,True,False,True,True,POST_FIRST_POSITIVE_VOLUME,True,LEGITIMATE_NO_TRADE / SUSPENSION
CCOLA.IS,2019-08-14,2019,3,2019-08-12,2019-08-14,True,True,False,True,True,POST_FIRST_POSITIVE_VOLUME,True,LEGITIMATE_NO_TRADE / SUSPENSION
CCOLA.IS,2019-08-30,2019,1,2019-08-30,2019-08-30,True,True,False,True,True,POST_FIRST_POSITIVE_VOLUME,False,UNKNOWN
CCOLA.IS,2020-03-11,2020,1,2020-03-11,2020-03-11,True,True,False,True,True,POST_FIRST_POSITIVE_VOLUME,False,UNKNOWN
CCOLA.IS,2024-04-09,2024,1,2024-04-09,2024-04-09,True,True,False,True,True,POST_FIRST_POSITIVE_VOLUME,False,UNKNOWN
CCOLA.IS,2026-05-27,2026,3,2026-05-27,2026-05-29,True,True,False,True,True,POST_FIRST_POSITIVE_VOLUME,True,LEGITIMATE_NO_TRADE / SUSPENSION
CCOLA.IS,2026-05-28,2026,3,2026-05-27,2026-05-29,True,True,False,True,True,POST_FIRST_POSITIVE_VOLUME,True,LEGITIMATE_NO_TRADE / SUSPENSION
CCOLA.IS,2026-05-29,2026,3,2026-05-27,2026-05-29,True,True,False,True,True,POST_FIRST_POSITIVE_VOLUME,True,LEGITIMATE_NO_TRADE / SUSPENSION
AEFES.IS,2018-04-23,2018,1,2018-04-23,2018-04-23,True,True,False,True,True,POST_FIRST_POSITIVE_VOLUME,False,UNKNOWN
AEFES.IS,2018-05-01,2018,1,2018-05-01,2018-05-01,True,True,False,True,True,POST_FIRST_POSITIVE_VOLUME,False,UNKNOWN
AEFES.IS,2018-06-15,2018,1,2018-06-15,2018-06-15,True,True,False,True,True,POST_FIRST_POSITIVE_VOLUME,False,UNKNOWN
AEFES.IS,2018-08-21,2018,4,2018-08-21,2018-08-24,True,True,False,True,True,POST_FIRST_POSITIVE_VOLUME,True,LEGITIMATE_NO_TRADE / SUSPENSION
AEFES.IS,2018-08-22,2018,4,2018-08-21,2018-08-24,True,True,False,True,True,POST_FIRST_POSITIVE_VOLUME,True,LEGITIMATE_NO_TRADE / SUSPENSION
AEFES.IS,2018-08-23,2018,4,2018-08-21,2018-08-24,True,True,False,True,True,POST_FIRST_POSITIVE_VOLUME,True,LEGITIMATE_NO_TRADE / SUSPENSION
AEFES.IS,2018-08-24,2018,4,2018-08-21,2018-08-24,True,True,False,True,True,POST_FIRST_POSITIVE_VOLUME,True,LEGITIMATE_NO_TRADE / SUSPENSION
AEFES.IS,2018-08-30,2018,1,2018-08-30,2018-08-30,True,True,False,True,False,POST_FIRST_POSITIVE_VOLUME,False,MISSING_VOLUME_ONLY
AEFES.IS,2018-10-29,2018,1,2018-10-29,2018-10-29,True,True,False,True,True,POST_FIRST_POSITIVE_VOLUME,False,UNKNOWN
AEFES.IS,2019-01-01,2019,1,2019-01-01,2019-01-01,True,True,False,True,True,POST_FIRST_POSITIVE_VOLUME,False,UNKNOWN
AEFES.IS,2019-04-23,2019,1,2019-04-23,2019-04-23,True,True,False,True,True,POST_FIRST_POSITIVE_VOLUME,False,UNKNOWN
AEFES.IS,2019-05-01,2019,1,2019-05-01,2019-05-01,True,True,False,True,True,POST_FIRST_POSITIVE_VOLUME,False,UNKNOWN
AEFES.IS,2019-06-04,2019,3,2019-06-04,2019-06-06,True,True,False,True,True,POST_FIRST_POSITIVE_VOLUME,True,LEGITIMATE_NO_TRADE / SUSPENSION
AEFES.IS,2019-06-05,2019,3,2019-06-04,2019-06-06,True,True,False,True,True,POST_FIRST_POSITIVE_VOLUME,True,LEGITIMATE_NO_TRADE / SUSPENSION
AEFES.IS,2019-06-06,2019,3,2019-06-04,2019-06-06,True,True,False,True,True,POST_FIRST_POSITIVE_VOLUME,True,LEGITIMATE_NO_TRADE / SUSPENSION
AEFES.IS,2019-07-15,2019,1,2019-07-15,2019-07-15,True,True,False,True,True,POST_FIRST_POSITIVE_VOLUME,False,UNKNOWN
AEFES.IS,2019-08-12,2019,3,2019-08-12,2019-08-14,True,True,False,True,True,POST_FIRST_POSITIVE_VOLUME,True,LEGITIMATE_NO_TRADE / SUSPENSION
AEFES.IS,2019-08-13,2019,3,2019-08-12,2019-08-14,True,True,False,True,True,POST_FIRST_POSITIVE_VOLUME,True,LEGITIMATE_NO_TRADE / SUSPENSION
AEFES.IS,2019-08-14,2019,3,2019-08-12,2019-08-14,True,True,False,True,True,POST_FIRST_POSITIVE_VOLUME,True,LEGITIMATE_NO_TRADE / SUSPENSION
AEFES.IS,2019-08-30,2019,1,2019-08-30,2019-08-30,True,True,False,True,True,POST_FIRST_POSITIVE_VOLUME,False,UNKNOWN
AEFES.IS,2020-03-11,2020,1,2020-03-11,2020-03-11,True,True,False,True,True,POST_FIRST_POSITIVE_VOLUME,False,UNKNOWN
AEFES.IS,2024-04-09,2024,1,2024-04-09,2024-04-09,True,True,False,True,True,POST_FIRST_POSITIVE_VOLUME,False,UNKNOWN
AEFES.IS,2026-05-27,2026,3,2026-05-27,2026-05-29,True,True,False,True,True,POST_FIRST_POSITIVE_VOLUME,True,LEGITIMATE_NO_TRADE / SUSPENSION
AEFES.IS,2026-05-28,2026,3,2026-05-27,2026-05-29,True,True,False,True,True,POST_FIRST_POSITIVE_VOLUME,True,LEGITIMATE_NO_TRADE / SUSPENSION
AEFES.IS,2026-05-29,2026,3,2026-05-27,2026-05-29,True,True,False,True,True,POST_FIRST_POSITIVE_VOLUME,True,LEGITIMATE_NO_TRADE / SUSPENSION
ULKER.IS,2018-04-23,2018,1,2018-04-23,2018-04-23,True,True,False,True,True,POST_FIRST_POSITIVE_VOLUME,False,UNKNOWN
ULKER.IS,2018-05-01,2018,1,2018-05-01,2018-05-01,True,True,False,True,True,POST_FIRST_POSITIVE_VOLUME,False,UNKNOWN
ULKER.IS,2018-06-15,2018,1,2018-06-15,2018-06-15,True,True,False,True,True,POST_FIRST_POSITIVE_VOLUME,False,UNKNOWN
ULKER.IS,2018-08-21,2018,4,2018-08-21,2018-08-24,True,True,False,True,True,POST_FIRST_POSITIVE_VOLUME,True,LEGITIMATE_NO_TRADE / SUSPENSION
ULKER.IS,2018-08-22,2018,4,2018-08-21,2018-08-24,True,True,False,True,True,POST_FIRST_POSITIVE_VOLUME,True,LEGITIMATE_NO_TRADE / SUSPENSION
ULKER.IS,2018-08-23,2018,4,2018-08-21,2018-08-24,True,True,False,True,True,POST_FIRST_POSITIVE_VOLUME,True,LEGITIMATE_NO_TRADE / SUSPENSION
ULKER.IS,2018-08-24,2018,4,2018-08-21,2018-08-24,True,True,False,True,True,POST_FIRST_POSITIVE_VOLUME,True,LEGITIMATE_NO_TRADE / SUSPENSION
ULKER.IS,2018-08-30,2018,1,2018-08-30,2018-08-30,True,True,False,True,True,POST_FIRST_POSITIVE_VOLUME,False,UNKNOWN
ULKER.IS,2018-10-29,2018,1,2018-10-29,2018-10-29,True,True,False,True,True,POST_FIRST_POSITIVE_VOLUME,False,UNKNOWN
ULKER.IS,2019-01-01,2019,1,2019-01-01,2019-01-01,True,True,False,True,True,POST_FIRST_POSITIVE_VOLUME,False,UNKNOWN
ULKER.IS,2019-04-23,2019,1,2019-04-23,2019-04-23,True,True,False,True,True,POST_FIRST_POSITIVE_VOLUME,False,UNKNOWN
ULKER.IS,2019-05-01,2019,1,2019-05-01,2019-05-01,True,True,False,True,True,POST_FIRST_POSITIVE_VOLUME,False,UNKNOWN
ULKER.IS,2019-06-04,2019,3,2019-06-04,2019-06-06,True,True,False,True,True,POST_FIRST_POSITIVE_VOLUME,True,LEGITIMATE_NO_TRADE / SUSPENSION
ULKER.IS,2019-06-05,2019,3,2019-06-04,2019-06-06,True,True,False,True,True,POST_FIRST_POSITIVE_VOLUME,True,LEGITIMATE_NO_TRADE / SUSPENSION
ULKER.IS,2019-06-06,2019,3,2019-06-04,2019-06-06,True,True,False,True,True,POST_FIRST_POSITIVE_VOLUME,True,LEGITIMATE_NO_TRADE / SUSPENSION
ULKER.IS,2019-07-15,2019,1,2019-07-15,2019-07-15,True,True,False,True,True,POST_FIRST_POSITIVE_VOLUME,False,UNKNOWN
ULKER.IS,2019-08-12,2019,3,2019-08-12,2019-08-14,True,True,False,True,False,POST_FIRST_POSITIVE_VOLUME,False,MISSING_VOLUME_ONLY
ULKER.IS,2019-08-13,2019,3,2019-08-12,2019-08-14,True,True,False,True,False,POST_FIRST_POSITIVE_VOLUME,False,MISSING_VOLUME_ONLY
ULKER.IS,2019-08-14,2019,3,2019-08-12,2019-08-14,True,True,False,True,False,POST_FIRST_POSITIVE_VOLUME,False,MISSING_VOLUME_ONLY
ULKER.IS,2019-08-30,2019,1,2019-08-30,2019-08-30,True,True,False,True,True,POST_FIRST_POSITIVE_VOLUME,False,UNKNOWN
ULKER.IS,2020-03-11,2020,1,2020-03-11,2020-03-11,True,True,False,True,True,POST_FIRST_POSITIVE_VOLUME,False,UNKNOWN
ULKER.IS,2026-05-27,2026,3,2026-05-27,2026-05-29,True,True,False,True,True,POST_FIRST_POSITIVE_VOLUME,True,LEGITIMATE_NO_TRADE / SUSPENSION
ULKER.IS,2026-05-28,2026,3,2026-05-27,2026-05-29,True,True,False,True,True,POST_FIRST_POSITIVE_VOLUME,True,LEGITIMATE_NO_TRADE / SUSPENSION
ULKER.IS,2026-05-29,2026,3,2026-05-27,2026-05-29,True,True,False,True,True,POST_FIRST_POSITIVE_VOLUME,True,LEGITIMATE_NO_TRADE / SUSPENSION
TABGD.IS,2026-05-27,2026,3,2026-05-27,2026-05-29,True,True,False,True,True,POST_FIRST_POSITIVE_VOLUME,True,LEGITIMATE_NO_TRADE / SUSPENSION
TABGD.IS,2026-05-28,2026,3,2026-05-27,2026-05-29,True,True,False,True,True,POST_FIRST_POSITIVE_VOLUME,True,LEGITIMATE_NO_TRADE / SUSPENSION
TABGD.IS,2026-05-29,2026,3,2026-05-27,2026-05-29,True,True,False,True,True,POST_FIRST_POSITIVE_VOLUME,True,LEGITIMATE_NO_TRADE / SUSPENSION
BIZIM.IS,2018-04-23,2018,1,2018-04-23,2018-04-23,True,True,False,True,True,POST_FIRST_POSITIVE_VOLUME,False,UNKNOWN
BIZIM.IS,2018-05-01,2018,1,2018-05-01,2018-05-01,True,True,False,True,True,POST_FIRST_POSITIVE_VOLUME,False,UNKNOWN
BIZIM.IS,2018-06-15,2018,1,2018-06-15,2018-06-15,True,True,False,True,True,POST_FIRST_POSITIVE_VOLUME,False,UNKNOWN
BIZIM.IS,2018-08-21,2018,4,2018-08-21,2018-08-24,True,True,False,True,True,POST_FIRST_POSITIVE_VOLUME,True,LEGITIMATE_NO_TRADE / SUSPENSION
BIZIM.IS,2018-08-22,2018,4,2018-08-21,2018-08-24,True,True,False,True,True,POST_FIRST_POSITIVE_VOLUME,True,LEGITIMATE_NO_TRADE / SUSPENSION
BIZIM.IS,2018-08-23,2018,4,2018-08-21,2018-08-24,True,True,False,True,True,POST_FIRST_POSITIVE_VOLUME,True,LEGITIMATE_NO_TRADE / SUSPENSION
BIZIM.IS,2018-08-24,2018,4,2018-08-21,2018-08-24,True,True,False,True,True,POST_FIRST_POSITIVE_VOLUME,True,LEGITIMATE_NO_TRADE / SUSPENSION
BIZIM.IS,2018-08-30,2018,1,2018-08-30,2018-08-30,True,True,False,True,True,POST_FIRST_POSITIVE_VOLUME,False,UNKNOWN
BIZIM.IS,2018-10-29,2018,1,2018-10-29,2018-10-29,True,True,False,True,True,POST_FIRST_POSITIVE_VOLUME,False,UNKNOWN
BIZIM.IS,2019-01-01,2019,1,2019-01-01,2019-01-01,True,True,False,True,True,POST_FIRST_POSITIVE_VOLUME,False,UNKNOWN
BIZIM.IS,2019-04-23,2019,1,2019-04-23,2019-04-23,True,True,False,True,True,POST_FIRST_POSITIVE_VOLUME,False,UNKNOWN
BIZIM.IS,2019-05-01,2019,1,2019-05-01,2019-05-01,True,True,False,True,True,POST_FIRST_POSITIVE_VOLUME,False,UNKNOWN
BIZIM.IS,2019-06-04,2019,3,2019-06-04,2019-06-06,True,True,False,True,True,POST_FIRST_POSITIVE_VOLUME,True,LEGITIMATE_NO_TRADE / SUSPENSION
BIZIM.IS,2019-06-05,2019,3,2019-06-04,2019-06-06,True,True,False,True,True,POST_FIRST_POSITIVE_VOLUME,True,LEGITIMATE_NO_TRADE / SUSPENSION
BIZIM.IS,2019-06-06,2019,3,2019-06-04,2019-06-06,True,True,False,True,True,POST_FIRST_POSITIVE_VOLUME,True,LEGITIMATE_NO_TRADE / SUSPENSION
BIZIM.IS,2019-07-15,2019,1,2019-07-15,2019-07-15,True,True,False,True,True,POST_FIRST_POSITIVE_VOLUME,False,UNKNOWN
BIZIM.IS,2019-08-12,2019,3,2019-08-12,2019-08-14,True,True,False,True,True,POST_FIRST_POSITIVE_VOLUME,True,LEGITIMATE_NO_TRADE / SUSPENSION
BIZIM.IS,2019-08-13,2019,3,2019-08-12,2019-08-14,True,True,False,True,True,POST_FIRST_POSITIVE_VOLUME,True,LEGITIMATE_NO_TRADE / SUSPENSION
BIZIM.IS,2019-08-14,2019,3,2019-08-12,2019-08-14,True,True,False,True,True,POST_FIRST_POSITIVE_VOLUME,True,LEGITIMATE_NO_TRADE / SUSPENSION
BIZIM.IS,2019-08-30,2019,1,2019-08-30,2019-08-30,True,True,False,True,True,POST_FIRST_POSITIVE_VOLUME,False,UNKNOWN
BIZIM.IS,2020-03-11,2020,1,2020-03-11,2020-03-11,True,True,False,True,True,POST_FIRST_POSITIVE_VOLUME,False,UNKNOWN
BIZIM.IS,2026-05-27,2026,3,2026-05-27,2026-05-29,True,True,False,True,True,POST_FIRST_POSITIVE_VOLUME,True,LEGITIMATE_NO_TRADE / SUSPENSION
BIZIM.IS,2026-05-28,2026,3,2026-05-27,2026-05-29,True,True,False,True,True,POST_FIRST_POSITIVE_VOLUME,True,LEGITIMATE_NO_TRADE / SUSPENSION
BIZIM.IS,2026-05-29,2026,3,2026-05-27,2026-05-29,True,True,False,True,True,POST_FIRST_POSITIVE_VOLUME,True,LEGITIMATE_NO_TRADE / SUSPENSION
EKGYO.IS,2018-04-23,2018,1,2018-04-23,2018-04-23,True,True,False,True,True,POST_FIRST_POSITIVE_VOLUME,False,UNKNOWN
EKGYO.IS,2018-05-01,2018,1,2018-05-01,2018-05-01,True,True,False,True,True,POST_FIRST_POSITIVE_VOLUME,False,UNKNOWN
EKGYO.IS,2018-06-15,2018,1,2018-06-15,2018-06-15,True,True,False,True,True,POST_FIRST_POSITIVE_VOLUME,False,UNKNOWN
EKGYO.IS,2018-08-21,2018,4,2018-08-21,2018-08-24,True,True,False,True,True,POST_FIRST_POSITIVE_VOLUME,True,LEGITIMATE_NO_TRADE / SUSPENSION
EKGYO.IS,2018-08-22,2018,4,2018-08-21,2018-08-24,True,True,False,True,True,POST_FIRST_POSITIVE_VOLUME,True,LEGITIMATE_NO_TRADE / SUSPENSION
EKGYO.IS,2018-08-23,2018,4,2018-08-21,2018-08-24,True,True,False,True,True,POST_FIRST_POSITIVE_VOLUME,True,LEGITIMATE_NO_TRADE / SUSPENSION
EKGYO.IS,2018-08-24,2018,4,2018-08-21,2018-08-24,True,True,False,True,True,POST_FIRST_POSITIVE_VOLUME,True,LEGITIMATE_NO_TRADE / SUSPENSION
EKGYO.IS,2018-08-30,2018,1,2018-08-30,2018-08-30,True,True,False,True,True,POST_FIRST_POSITIVE_VOLUME,False,UNKNOWN
EKGYO.IS,2018-10-29,2018,1,2018-10-29,2018-10-29,True,True,False,True,True,POST_FIRST_POSITIVE_VOLUME,False,UNKNOWN
EKGYO.IS,2019-01-01,2019,1,2019-01-01,2019-01-01,True,True,False,True,True,POST_FIRST_POSITIVE_VOLUME,False,UNKNOWN
EKGYO.IS,2019-04-23,2019,1,2019-04-23,2019-04-23,True,True,False,True,True,POST_FIRST_POSITIVE_VOLUME,False,UNKNOWN
EKGYO.IS,2019-05-01,2019,1,2019-05-01,2019-05-01,True,True,False,True,True,POST_FIRST_POSITIVE_VOLUME,False,UNKNOWN
EKGYO.IS,2019-06-04,2019,3,2019-06-04,2019-06-06,True,True,False,True,True,POST_FIRST_POSITIVE_VOLUME,True,LEGITIMATE_NO_TRADE / SUSPENSION
EKGYO.IS,2019-06-05,2019,3,2019-06-04,2019-06-06,True,True,False,True,True,POST_FIRST_POSITIVE_VOLUME,True,LEGITIMATE_NO_TRADE / SUSPENSION
EKGYO.IS,2019-06-06,2019,3,2019-06-04,2019-06-06,True,True,False,True,True,POST_FIRST_POSITIVE_VOLUME,True,LEGITIMATE_NO_TRADE / SUSPENSION
EKGYO.IS,2019-07-15,2019,1,2019-07-15,2019-07-15,True,True,False,True,True,POST_FIRST_POSITIVE_VOLUME,False,UNKNOWN
EKGYO.IS,2019-08-12,2019,3,2019-08-12,2019-08-14,True,True,False,True,True,POST_FIRST_POSITIVE_VOLUME,True,LEGITIMATE_NO_TRADE / SUSPENSION
EKGYO.IS,2019-08-13,2019,3,2019-08-12,2019-08-14,True,True,False,True,True,POST_FIRST_POSITIVE_VOLUME,True,LEGITIMATE_NO_TRADE / SUSPENSION
EKGYO.IS,2019-08-14,2019,3,2019-08-12,2019-08-14,True,True,False,True,True,POST_FIRST_POSITIVE_VOLUME,True,LEGITIMATE_NO_TRADE / SUSPENSION
EKGYO.IS,2019-08-30,2019,1,2019-08-30,2019-08-30,True,True,False,True,True,POST_FIRST_POSITIVE_VOLUME,False,UNKNOWN
EKGYO.IS,2020-03-11,2020,1,2020-03-11,2020-03-11,True,True,False,True,True,POST_FIRST_POSITIVE_VOLUME,False,UNKNOWN
EKGYO.IS,2026-05-27,2026,3,2026-05-27,2026-05-29,True,True,False,True,True,POST_FIRST_POSITIVE_VOLUME,True,LEGITIMATE_NO_TRADE / SUSPENSION
EKGYO.IS,2026-05-28,2026,3,2026-05-27,2026-05-29,True,True,False,True,True,POST_FIRST_POSITIVE_VOLUME,True,LEGITIMATE_NO_TRADE / SUSPENSION
EKGYO.IS,2026-05-29,2026,3,2026-05-27,2026-05-29,True,True,False,True,True,POST_FIRST_POSITIVE_VOLUME,True,LEGITIMATE_NO_TRADE / SUSPENSION
ISGYO.IS,2018-04-23,2018,1,2018-04-23,2018-04-23,True,True,False,True,True,POST_FIRST_POSITIVE_VOLUME,False,UNKNOWN
ISGYO.IS,2018-05-01,2018,1,2018-05-01,2018-05-01,True,True,False,True,True,POST_FIRST_POSITIVE_VOLUME,False,UNKNOWN
ISGYO.IS,2018-06-15,2018,1,2018-06-15,2018-06-15,True,True,False,True,True,POST_FIRST_POSITIVE_VOLUME,False,UNKNOWN
ISGYO.IS,2018-08-21,2018,4,2018-08-21,2018-08-24,True,True,False,True,True,POST_FIRST_POSITIVE_VOLUME,True,LEGITIMATE_NO_TRADE / SUSPENSION
ISGYO.IS,2018-08-22,2018,4,2018-08-21,2018-08-24,True,True,False,True,True,POST_FIRST_POSITIVE_VOLUME,True,LEGITIMATE_NO_TRADE / SUSPENSION
ISGYO.IS,2018-08-23,2018,4,2018-08-21,2018-08-24,True,True,False,True,True,POST_FIRST_POSITIVE_VOLUME,True,LEGITIMATE_NO_TRADE / SUSPENSION
ISGYO.IS,2018-08-24,2018,4,2018-08-21,2018-08-24,True,True,False,True,True,POST_FIRST_POSITIVE_VOLUME,True,LEGITIMATE_NO_TRADE / SUSPENSION
ISGYO.IS,2018-08-30,2018,1,2018-08-30,2018-08-30,True,True,False,True,True,POST_FIRST_POSITIVE_VOLUME,False,UNKNOWN
ISGYO.IS,2018-10-29,2018,1,2018-10-29,2018-10-29,True,True,False,True,True,POST_FIRST_POSITIVE_VOLUME,False,UNKNOWN
ISGYO.IS,2019-01-01,2019,1,2019-01-01,2019-01-01,True,True,False,True,True,POST_FIRST_POSITIVE_VOLUME,False,UNKNOWN
ISGYO.IS,2019-04-23,2019,1,2019-04-23,2019-04-23,True,True,False,True,True,POST_FIRST_POSITIVE_VOLUME,False,UNKNOWN
ISGYO.IS,2019-05-01,2019,1,2019-05-01,2019-05-01,True,True,False,True,True,POST_FIRST_POSITIVE_VOLUME,False,UNKNOWN
ISGYO.IS,2019-06-04,2019,3,2019-06-04,2019-06-06,True,True,False,True,True,POST_FIRST_POSITIVE_VOLUME,True,LEGITIMATE_NO_TRADE / SUSPENSION
ISGYO.IS,2019-06-05,2019,3,2019-06-04,2019-06-06,True,True,False,True,True,POST_FIRST_POSITIVE_VOLUME,True,LEGITIMATE_NO_TRADE / SUSPENSION
ISGYO.IS,2019-06-06,2019,3,2019-06-04,2019-06-06,True,True,False,True,True,POST_FIRST_POSITIVE_VOLUME,True,LEGITIMATE_NO_TRADE / SUSPENSION
ISGYO.IS,2019-07-15,2019,1,2019-07-15,2019-07-15,True,True,False,True,True,POST_FIRST_POSITIVE_VOLUME,False,UNKNOWN
ISGYO.IS,2019-08-12,2019,3,2019-08-12,2019-08-14,True,True,False,True,True,POST_FIRST_POSITIVE_VOLUME,True,LEGITIMATE_NO_TRADE / SUSPENSION
ISGYO.IS,2019-08-13,2019,3,2019-08-12,2019-08-14,True,True,False,True,True,POST_FIRST_POSITIVE_VOLUME,True,LEGITIMATE_NO_TRADE / SUSPENSION
ISGYO.IS,2019-08-14,2019,3,2019-08-12,2019-08-14,True,True,False,True,True,POST_FIRST_POSITIVE_VOLUME,True,LEGITIMATE_NO_TRADE / SUSPENSION
ISGYO.IS,2019-08-30,2019,1,2019-08-30,2019-08-30,True,True,False,True,True,POST_FIRST_POSITIVE_VOLUME,False,UNKNOWN
ISGYO.IS,2020-03-11,2020,1,2020-03-11,2020-03-11,True,True,False,True,True,POST_FIRST_POSITIVE_VOLUME,False,UNKNOWN
ISGYO.IS,2026-05-27,2026,3,2026-05-27,2026-05-29,True,True,False,True,True,POST_FIRST_POSITIVE_VOLUME,True,LEGITIMATE_NO_TRADE / SUSPENSION
ISGYO.IS,2026-05-28,2026,3,2026-05-27,2026-05-29,True,True,False,True,True,POST_FIRST_POSITIVE_VOLUME,True,LEGITIMATE_NO_TRADE / SUSPENSION
ISGYO.IS,2026-05-29,2026,3,2026-05-27,2026-05-29,True,True,False,True,True,POST_FIRST_POSITIVE_VOLUME,True,LEGITIMATE_NO_TRADE / SUSPENSION
TRGYO.IS,2018-04-23,2018,1,2018-04-23,2018-04-23,True,True,False,True,True,POST_FIRST_POSITIVE_VOLUME,False,UNKNOWN
TRGYO.IS,2018-05-01,2018,1,2018-05-01,2018-05-01,True,True,False,True,True,POST_FIRST_POSITIVE_VOLUME,False,UNKNOWN
TRGYO.IS,2018-06-15,2018,1,2018-06-15,2018-06-15,True,True,False,True,True,POST_FIRST_POSITIVE_VOLUME,False,UNKNOWN
TRGYO.IS,2018-08-21,2018,4,2018-08-21,2018-08-24,True,True,False,True,True,POST_FIRST_POSITIVE_VOLUME,True,LEGITIMATE_NO_TRADE / SUSPENSION
TRGYO.IS,2018-08-22,2018,4,2018-08-21,2018-08-24,True,True,False,True,True,POST_FIRST_POSITIVE_VOLUME,True,LEGITIMATE_NO_TRADE / SUSPENSION
TRGYO.IS,2018-08-23,2018,4,2018-08-21,2018-08-24,True,True,False,True,True,POST_FIRST_POSITIVE_VOLUME,True,LEGITIMATE_NO_TRADE / SUSPENSION
TRGYO.IS,2018-08-24,2018,4,2018-08-21,2018-08-24,True,True,False,True,True,POST_FIRST_POSITIVE_VOLUME,True,LEGITIMATE_NO_TRADE / SUSPENSION
TRGYO.IS,2018-08-30,2018,1,2018-08-30,2018-08-30,True,True,False,True,True,POST_FIRST_POSITIVE_VOLUME,False,UNKNOWN
TRGYO.IS,2018-10-29,2018,1,2018-10-29,2018-10-29,True,True,False,True,True,POST_FIRST_POSITIVE_VOLUME,False,UNKNOWN
TRGYO.IS,2019-01-01,2019,1,2019-01-01,2019-01-01,True,True,False,True,True,POST_FIRST_POSITIVE_VOLUME,False,UNKNOWN
TRGYO.IS,2019-04-23,2019,1,2019-04-23,2019-04-23,True,True,False,True,False,POST_FIRST_POSITIVE_VOLUME,False,MISSING_VOLUME_ONLY
TRGYO.IS,2019-05-01,2019,1,2019-05-01,2019-05-01,True,True,False,True,True,POST_FIRST_POSITIVE_VOLUME,False,UNKNOWN
TRGYO.IS,2019-06-04,2019,3,2019-06-04,2019-06-06,True,True,False,True,True,POST_FIRST_POSITIVE_VOLUME,True,LEGITIMATE_NO_TRADE / SUSPENSION
TRGYO.IS,2019-06-05,2019,3,2019-06-04,2019-06-06,True,True,False,True,True,POST_FIRST_POSITIVE_VOLUME,True,LEGITIMATE_NO_TRADE / SUSPENSION
TRGYO.IS,2019-06-06,2019,3,2019-06-04,2019-06-06,True,True,False,True,True,POST_FIRST_POSITIVE_VOLUME,True,LEGITIMATE_NO_TRADE / SUSPENSION
TRGYO.IS,2019-07-15,2019,1,2019-07-15,2019-07-15,True,True,False,True,True,POST_FIRST_POSITIVE_VOLUME,False,UNKNOWN
TRGYO.IS,2019-08-12,2019,3,2019-08-12,2019-08-14,True,True,False,True,True,POST_FIRST_POSITIVE_VOLUME,True,LEGITIMATE_NO_TRADE / SUSPENSION
TRGYO.IS,2019-08-13,2019,3,2019-08-12,2019-08-14,True,True,False,True,True,POST_FIRST_POSITIVE_VOLUME,True,LEGITIMATE_NO_TRADE / SUSPENSION
TRGYO.IS,2019-08-14,2019,3,2019-08-12,2019-08-14,True,True,False,True,True,POST_FIRST_POSITIVE_VOLUME,True,LEGITIMATE_NO_TRADE / SUSPENSION
TRGYO.IS,2019-08-30,2019,1,2019-08-30,2019-08-30,True,True,False,True,True,POST_FIRST_POSITIVE_VOLUME,False,UNKNOWN
TRGYO.IS,2026-05-27,2026,3,2026-05-27,2026-05-29,True,True,False,True,True,POST_FIRST_POSITIVE_VOLUME,True,LEGITIMATE_NO_TRADE / SUSPENSION
TRGYO.IS,2026-05-28,2026,3,2026-05-27,2026-05-29,True,True,False,True,True,POST_FIRST_POSITIVE_VOLUME,True,LEGITIMATE_NO_TRADE / SUSPENSION
TRGYO.IS,2026-05-29,2026,3,2026-05-27,2026-05-29,True,True,False,True,True,POST_FIRST_POSITIVE_VOLUME,True,LEGITIMATE_NO_TRADE / SUSPENSION
AGHOL.IS,2018-04-23,2018,1,2018-04-23,2018-04-23,True,True,False,True,True,POST_FIRST_POSITIVE_VOLUME,False,UNKNOWN
AGHOL.IS,2018-05-01,2018,1,2018-05-01,2018-05-01,True,True,False,True,True,POST_FIRST_POSITIVE_VOLUME,False,UNKNOWN
AGHOL.IS,2018-06-15,2018,1,2018-06-15,2018-06-15,True,True,False,True,True,POST_FIRST_POSITIVE_VOLUME,False,UNKNOWN
AGHOL.IS,2018-08-21,2018,4,2018-08-21,2018-08-24,True,True,False,True,True,POST_FIRST_POSITIVE_VOLUME,True,LEGITIMATE_NO_TRADE / SUSPENSION
AGHOL.IS,2018-08-22,2018,4,2018-08-21,2018-08-24,True,True,False,True,True,POST_FIRST_POSITIVE_VOLUME,True,LEGITIMATE_NO_TRADE / SUSPENSION
AGHOL.IS,2018-08-23,2018,4,2018-08-21,2018-08-24,True,True,False,True,True,POST_FIRST_POSITIVE_VOLUME,True,LEGITIMATE_NO_TRADE / SUSPENSION
AGHOL.IS,2018-08-24,2018,4,2018-08-21,2018-08-24,True,True,False,True,True,POST_FIRST_POSITIVE_VOLUME,True,LEGITIMATE_NO_TRADE / SUSPENSION
AGHOL.IS,2018-08-30,2018,1,2018-08-30,2018-08-30,True,True,False,True,True,POST_FIRST_POSITIVE_VOLUME,False,UNKNOWN
AGHOL.IS,2018-10-29,2018,1,2018-10-29,2018-10-29,True,True,False,True,True,POST_FIRST_POSITIVE_VOLUME,False,UNKNOWN
AGHOL.IS,2019-01-01,2019,1,2019-01-01,2019-01-01,True,True,False,True,True,POST_FIRST_POSITIVE_VOLUME,False,UNKNOWN
AGHOL.IS,2019-04-23,2019,1,2019-04-23,2019-04-23,True,True,False,True,True,POST_FIRST_POSITIVE_VOLUME,False,UNKNOWN
AGHOL.IS,2019-05-01,2019,1,2019-05-01,2019-05-01,True,True,False,True,True,POST_FIRST_POSITIVE_VOLUME,False,UNKNOWN
AGHOL.IS,2019-06-04,2019,3,2019-06-04,2019-06-06,True,True,False,True,True,POST_FIRST_POSITIVE_VOLUME,True,LEGITIMATE_NO_TRADE / SUSPENSION
AGHOL.IS,2019-06-05,2019,3,2019-06-04,2019-06-06,True,True,False,True,True,POST_FIRST_POSITIVE_VOLUME,True,LEGITIMATE_NO_TRADE / SUSPENSION
AGHOL.IS,2019-06-06,2019,3,2019-06-04,2019-06-06,True,True,False,True,True,POST_FIRST_POSITIVE_VOLUME,True,LEGITIMATE_NO_TRADE / SUSPENSION
AGHOL.IS,2019-07-15,2019,1,2019-07-15,2019-07-15,True,True,False,True,True,POST_FIRST_POSITIVE_VOLUME,False,UNKNOWN
AGHOL.IS,2019-08-12,2019,3,2019-08-12,2019-08-14,True,True,False,True,True,POST_FIRST_POSITIVE_VOLUME,True,LEGITIMATE_NO_TRADE / SUSPENSION
AGHOL.IS,2019-08-13,2019,3,2019-08-12,2019-08-14,True,True,False,True,True,POST_FIRST_POSITIVE_VOLUME,True,LEGITIMATE_NO_TRADE / SUSPENSION
AGHOL.IS,2019-08-14,2019,3,2019-08-12,2019-08-14,True,True,False,True,True,POST_FIRST_POSITIVE_VOLUME,True,LEGITIMATE_NO_TRADE / SUSPENSION
AGHOL.IS,2019-08-30,2019,1,2019-08-30,2019-08-30,True,True,False,True,True,POST_FIRST_POSITIVE_VOLUME,False,UNKNOWN
AGHOL.IS,2024-04-09,2024,1,2024-04-09,2024-04-09,True,True,False,True,True,POST_FIRST_POSITIVE_VOLUME,False,UNKNOWN
AGHOL.IS,2026-05-27,2026,3,2026-05-27,2026-05-29,True,True,False,True,True,POST_FIRST_POSITIVE_VOLUME,True,LEGITIMATE_NO_TRADE / SUSPENSION
AGHOL.IS,2026-05-28,2026,3,2026-05-27,2026-05-29,True,True,False,True,True,POST_FIRST_POSITIVE_VOLUME,True,LEGITIMATE_NO_TRADE / SUSPENSION
AGHOL.IS,2026-05-29,2026,3,2026-05-27,2026-05-29,True,True,False,True,True,POST_FIRST_POSITIVE_VOLUME,True,LEGITIMATE_NO_TRADE / SUSPENSION
DOHOL.IS,2018-04-23,2018,1,2018-04-23,2018-04-23,True,True,False,True,True,POST_FIRST_POSITIVE_VOLUME,False,UNKNOWN
DOHOL.IS,2018-05-01,2018,1,2018-05-01,2018-05-01,True,True,False,True,True,POST_FIRST_POSITIVE_VOLUME,False,UNKNOWN
DOHOL.IS,2018-06-15,2018,1,2018-06-15,2018-06-15,True,True,False,True,True,POST_FIRST_POSITIVE_VOLUME,False,UNKNOWN
DOHOL.IS,2018-08-21,2018,4,2018-08-21,2018-08-24,True,True,False,True,True,POST_FIRST_POSITIVE_VOLUME,True,LEGITIMATE_NO_TRADE / SUSPENSION
DOHOL.IS,2018-08-22,2018,4,2018-08-21,2018-08-24,True,True,False,True,True,POST_FIRST_POSITIVE_VOLUME,True,LEGITIMATE_NO_TRADE / SUSPENSION
DOHOL.IS,2018-08-23,2018,4,2018-08-21,2018-08-24,True,True,False,True,True,POST_FIRST_POSITIVE_VOLUME,True,LEGITIMATE_NO_TRADE / SUSPENSION
DOHOL.IS,2018-08-24,2018,4,2018-08-21,2018-08-24,True,True,False,True,True,POST_FIRST_POSITIVE_VOLUME,True,LEGITIMATE_NO_TRADE / SUSPENSION
DOHOL.IS,2018-08-30,2018,1,2018-08-30,2018-08-30,True,True,False,True,True,POST_FIRST_POSITIVE_VOLUME,False,UNKNOWN
DOHOL.IS,2018-10-29,2018,1,2018-10-29,2018-10-29,True,True,False,True,True,POST_FIRST_POSITIVE_VOLUME,False,UNKNOWN
DOHOL.IS,2019-01-01,2019,1,2019-01-01,2019-01-01,True,True,False,True,True,POST_FIRST_POSITIVE_VOLUME,False,UNKNOWN
DOHOL.IS,2019-04-23,2019,1,2019-04-23,2019-04-23,True,True,False,True,True,POST_FIRST_POSITIVE_VOLUME,False,UNKNOWN
DOHOL.IS,2019-05-01,2019,1,2019-05-01,2019-05-01,True,True,False,True,True,POST_FIRST_POSITIVE_VOLUME,False,UNKNOWN
DOHOL.IS,2019-06-04,2019,3,2019-06-04,2019-06-06,True,True,False,True,True,POST_FIRST_POSITIVE_VOLUME,True,LEGITIMATE_NO_TRADE / SUSPENSION
DOHOL.IS,2019-06-05,2019,3,2019-06-04,2019-06-06,True,True,False,True,True,POST_FIRST_POSITIVE_VOLUME,True,LEGITIMATE_NO_TRADE / SUSPENSION
DOHOL.IS,2019-06-06,2019,3,2019-06-04,2019-06-06,True,True,False,True,True,POST_FIRST_POSITIVE_VOLUME,True,LEGITIMATE_NO_TRADE / SUSPENSION
DOHOL.IS,2019-07-15,2019,1,2019-07-15,2019-07-15,True,True,False,True,True,POST_FIRST_POSITIVE_VOLUME,False,UNKNOWN
DOHOL.IS,2019-08-12,2019,3,2019-08-12,2019-08-14,True,True,False,True,True,POST_FIRST_POSITIVE_VOLUME,True,LEGITIMATE_NO_TRADE / SUSPENSION
DOHOL.IS,2019-08-13,2019,3,2019-08-12,2019-08-14,True,True,False,True,True,POST_FIRST_POSITIVE_VOLUME,True,LEGITIMATE_NO_TRADE / SUSPENSION
DOHOL.IS,2019-08-14,2019,3,2019-08-12,2019-08-14,True,True,False,True,True,POST_FIRST_POSITIVE_VOLUME,True,LEGITIMATE_NO_TRADE / SUSPENSION
DOHOL.IS,2019-08-30,2019,1,2019-08-30,2019-08-30,True,True,False,True,True,POST_FIRST_POSITIVE_VOLUME,False,UNKNOWN
DOHOL.IS,2020-03-11,2020,1,2020-03-11,2020-03-11,True,True,False,True,True,POST_FIRST_POSITIVE_VOLUME,False,UNKNOWN
DOHOL.IS,2026-05-27,2026,3,2026-05-27,2026-05-29,True,True,False,True,True,POST_FIRST_POSITIVE_VOLUME,True,LEGITIMATE_NO_TRADE / SUSPENSION
DOHOL.IS,2026-05-28,2026,3,2026-05-27,2026-05-29,True,True,False,True,True,POST_FIRST_POSITIVE_VOLUME,True,LEGITIMATE_NO_TRADE / SUSPENSION
DOHOL.IS,2026-05-29,2026,3,2026-05-27,2026-05-29,True,True,False,True,True,POST_FIRST_POSITIVE_VOLUME,True,LEGITIMATE_NO_TRADE / SUSPENSION
TKFEN.IS,2018-04-23,2018,1,2018-04-23,2018-04-23,True,True,False,True,True,POST_FIRST_POSITIVE_VOLUME,False,UNKNOWN
TKFEN.IS,2018-05-01,2018,1,2018-05-01,2018-05-01,True,True,False,True,True,POST_FIRST_POSITIVE_VOLUME,False,UNKNOWN
TKFEN.IS,2018-06-15,2018,1,2018-06-15,2018-06-15,True,True,False,True,True,POST_FIRST_POSITIVE_VOLUME,False,UNKNOWN
TKFEN.IS,2018-08-21,2018,4,2018-08-21,2018-08-24,True,True,False,True,True,POST_FIRST_POSITIVE_VOLUME,True,LEGITIMATE_NO_TRADE / SUSPENSION
TKFEN.IS,2018-08-22,2018,4,2018-08-21,2018-08-24,True,True,False,True,True,POST_FIRST_POSITIVE_VOLUME,True,LEGITIMATE_NO_TRADE / SUSPENSION
TKFEN.IS,2018-08-23,2018,4,2018-08-21,2018-08-24,True,True,False,True,True,POST_FIRST_POSITIVE_VOLUME,True,LEGITIMATE_NO_TRADE / SUSPENSION
TKFEN.IS,2018-08-24,2018,4,2018-08-21,2018-08-24,True,True,False,True,True,POST_FIRST_POSITIVE_VOLUME,True,LEGITIMATE_NO_TRADE / SUSPENSION
TKFEN.IS,2018-08-30,2018,1,2018-08-30,2018-08-30,True,True,False,True,True,POST_FIRST_POSITIVE_VOLUME,False,UNKNOWN
TKFEN.IS,2018-10-29,2018,1,2018-10-29,2018-10-29,True,True,False,True,True,POST_FIRST_POSITIVE_VOLUME,False,UNKNOWN
TKFEN.IS,2019-01-01,2019,1,2019-01-01,2019-01-01,True,True,False,True,True,POST_FIRST_POSITIVE_VOLUME,False,UNKNOWN
TKFEN.IS,2019-04-23,2019,1,2019-04-23,2019-04-23,True,True,False,True,True,POST_FIRST_POSITIVE_VOLUME,False,UNKNOWN
TKFEN.IS,2019-05-01,2019,1,2019-05-01,2019-05-01,True,True,False,True,True,POST_FIRST_POSITIVE_VOLUME,False,UNKNOWN
TKFEN.IS,2019-06-04,2019,3,2019-06-04,2019-06-06,True,True,False,True,True,POST_FIRST_POSITIVE_VOLUME,True,LEGITIMATE_NO_TRADE / SUSPENSION
TKFEN.IS,2019-06-05,2019,3,2019-06-04,2019-06-06,True,True,False,True,True,POST_FIRST_POSITIVE_VOLUME,True,LEGITIMATE_NO_TRADE / SUSPENSION
TKFEN.IS,2019-06-06,2019,3,2019-06-04,2019-06-06,True,True,False,True,True,POST_FIRST_POSITIVE_VOLUME,True,LEGITIMATE_NO_TRADE / SUSPENSION
TKFEN.IS,2019-07-15,2019,1,2019-07-15,2019-07-15,True,True,False,True,True,POST_FIRST_POSITIVE_VOLUME,False,UNKNOWN
TKFEN.IS,2019-08-12,2019,3,2019-08-12,2019-08-14,True,True,False,True,True,POST_FIRST_POSITIVE_VOLUME,True,LEGITIMATE_NO_TRADE / SUSPENSION
TKFEN.IS,2019-08-13,2019,3,2019-08-12,2019-08-14,True,True,False,True,True,POST_FIRST_POSITIVE_VOLUME,True,LEGITIMATE_NO_TRADE / SUSPENSION
TKFEN.IS,2019-08-14,2019,3,2019-08-12,2019-08-14,True,True,False,True,True,POST_FIRST_POSITIVE_VOLUME,True,LEGITIMATE_NO_TRADE / SUSPENSION
TKFEN.IS,2019-08-30,2019,1,2019-08-30,2019-08-30,True,True,False,True,True,POST_FIRST_POSITIVE_VOLUME,False,UNKNOWN
TKFEN.IS,2024-04-09,2024,1,2024-04-09,2024-04-09,True,True,False,True,True,POST_FIRST_POSITIVE_VOLUME,False,UNKNOWN
TKFEN.IS,2026-05-27,2026,3,2026-05-27,2026-05-29,True,True,False,True,True,POST_FIRST_POSITIVE_VOLUME,True,LEGITIMATE_NO_TRADE / SUSPENSION
TKFEN.IS,2026-05-28,2026,3,2026-05-27,2026-05-29,True,True,False,True,True,POST_FIRST_POSITIVE_VOLUME,True,LEGITIMATE_NO_TRADE / SUSPENSION
TKFEN.IS,2026-05-29,2026,3,2026-05-27,2026-05-29,True,True,False,True,True,POST_FIRST_POSITIVE_VOLUME,True,LEGITIMATE_NO_TRADE / SUSPENSION
KORDS.IS,2018-04-23,2018,1,2018-04-23,2018-04-23,True,True,False,True,True,POST_FIRST_POSITIVE_VOLUME,False,UNKNOWN
KORDS.IS,2018-05-01,2018,1,2018-05-01,2018-05-01,True,True,False,True,True,POST_FIRST_POSITIVE_VOLUME,False,UNKNOWN
KORDS.IS,2018-06-15,2018,1,2018-06-15,2018-06-15,True,True,False,True,True,POST_FIRST_POSITIVE_VOLUME,False,UNKNOWN
KORDS.IS,2018-08-21,2018,4,2018-08-21,2018-08-24,True,True,False,True,True,POST_FIRST_POSITIVE_VOLUME,True,LEGITIMATE_NO_TRADE / SUSPENSION
KORDS.IS,2018-08-22,2018,4,2018-08-21,2018-08-24,True,True,False,True,True,POST_FIRST_POSITIVE_VOLUME,True,LEGITIMATE_NO_TRADE / SUSPENSION
KORDS.IS,2018-08-23,2018,4,2018-08-21,2018-08-24,True,True,False,True,True,POST_FIRST_POSITIVE_VOLUME,True,LEGITIMATE_NO_TRADE / SUSPENSION
KORDS.IS,2018-08-24,2018,4,2018-08-21,2018-08-24,True,True,False,True,True,POST_FIRST_POSITIVE_VOLUME,True,LEGITIMATE_NO_TRADE / SUSPENSION
KORDS.IS,2018-08-30,2018,1,2018-08-30,2018-08-30,True,True,False,True,True,POST_FIRST_POSITIVE_VOLUME,False,UNKNOWN
KORDS.IS,2018-10-29,2018,1,2018-10-29,2018-10-29,True,True,False,True,True,POST_FIRST_POSITIVE_VOLUME,False,UNKNOWN
KORDS.IS,2019-01-01,2019,1,2019-01-01,2019-01-01,True,True,False,True,True,POST_FIRST_POSITIVE_VOLUME,False,UNKNOWN
KORDS.IS,2019-04-23,2019,1,2019-04-23,2019-04-23,True,True,False,True,True,POST_FIRST_POSITIVE_VOLUME,False,UNKNOWN
KORDS.IS,2019-05-01,2019,1,2019-05-01,2019-05-01,True,True,False,True,True,POST_FIRST_POSITIVE_VOLUME,False,UNKNOWN
KORDS.IS,2019-06-04,2019,3,2019-06-04,2019-06-06,True,True,False,True,True,POST_FIRST_POSITIVE_VOLUME,True,LEGITIMATE_NO_TRADE / SUSPENSION
KORDS.IS,2019-06-05,2019,3,2019-06-04,2019-06-06,True,True,False,True,True,POST_FIRST_POSITIVE_VOLUME,True,LEGITIMATE_NO_TRADE / SUSPENSION
KORDS.IS,2019-06-06,2019,3,2019-06-04,2019-06-06,True,True,False,True,True,POST_FIRST_POSITIVE_VOLUME,True,LEGITIMATE_NO_TRADE / SUSPENSION
KORDS.IS,2019-07-15,2019,1,2019-07-15,2019-07-15,True,True,False,True,True,POST_FIRST_POSITIVE_VOLUME,False,UNKNOWN
KORDS.IS,2019-08-12,2019,3,2019-08-12,2019-08-14,True,True,False,True,True,POST_FIRST_POSITIVE_VOLUME,True,LEGITIMATE_NO_TRADE / SUSPENSION
KORDS.IS,2019-08-13,2019,3,2019-08-12,2019-08-14,True,True,False,True,True,POST_FIRST_POSITIVE_VOLUME,True,LEGITIMATE_NO_TRADE / SUSPENSION
KORDS.IS,2019-08-14,2019,3,2019-08-12,2019-08-14,True,True,False,True,True,POST_FIRST_POSITIVE_VOLUME,True,LEGITIMATE_NO_TRADE / SUSPENSION
KORDS.IS,2019-08-30,2019,1,2019-08-30,2019-08-30,True,True,False,True,True,POST_FIRST_POSITIVE_VOLUME,False,UNKNOWN
KORDS.IS,2020-03-11,2020,1,2020-03-11,2020-03-11,True,True,False,True,True,POST_FIRST_POSITIVE_VOLUME,False,UNKNOWN
KORDS.IS,2024-04-09,2024,1,2024-04-09,2024-04-09,True,True,False,True,True,POST_FIRST_POSITIVE_VOLUME,False,UNKNOWN
KORDS.IS,2026-04-23,2026,1,2026-04-23,2026-04-23,True,True,False,True,True,POST_FIRST_POSITIVE_VOLUME,False,UNKNOWN
KORDS.IS,2026-05-01,2026,1,2026-05-01,2026-05-01,True,True,False,True,True,POST_FIRST_POSITIVE_VOLUME,False,UNKNOWN
KORDS.IS,2026-05-19,2026,1,2026-05-19,2026-05-19,True,True,False,True,True,POST_FIRST_POSITIVE_VOLUME,False,UNKNOWN
KORDS.IS,2026-05-27,2026,3,2026-05-27,2026-05-29,True,True,False,True,True,POST_FIRST_POSITIVE_VOLUME,True,LEGITIMATE_NO_TRADE / SUSPENSION
KORDS.IS,2026-05-28,2026,3,2026-05-27,2026-05-29,True,True,False,True,True,POST_FIRST_POSITIVE_VOLUME,True,LEGITIMATE_NO_TRADE / SUSPENSION
KORDS.IS,2026-05-29,2026,3,2026-05-27,2026-05-29,True,True,False,True,True,POST_FIRST_POSITIVE_VOLUME,True,LEGITIMATE_NO_TRADE / SUSPENSION
KORDS.IS,2026-07-15,2026,1,2026-07-15,2026-07-15,True,True,False,True,True,POST_FIRST_POSITIVE_VOLUME,False,UNKNOWN
SELEC.IS,2018-04-23,2018,1,2018-04-23,2018-04-23,True,True,False,True,True,POST_FIRST_POSITIVE_VOLUME,False,UNKNOWN
SELEC.IS,2018-05-01,2018,1,2018-05-01,2018-05-01,True,True,False,True,True,POST_FIRST_POSITIVE_VOLUME,False,UNKNOWN
SELEC.IS,2018-06-15,2018,1,2018-06-15,2018-06-15,True,True,False,True,True,POST_FIRST_POSITIVE_VOLUME,False,UNKNOWN
SELEC.IS,2018-08-21,2018,4,2018-08-21,2018-08-24,True,True,False,True,True,POST_FIRST_POSITIVE_VOLUME,True,LEGITIMATE_NO_TRADE / SUSPENSION
SELEC.IS,2018-08-22,2018,4,2018-08-21,2018-08-24,True,True,False,True,True,POST_FIRST_POSITIVE_VOLUME,True,LEGITIMATE_NO_TRADE / SUSPENSION
SELEC.IS,2018-08-23,2018,4,2018-08-21,2018-08-24,True,True,False,True,True,POST_FIRST_POSITIVE_VOLUME,True,LEGITIMATE_NO_TRADE / SUSPENSION
SELEC.IS,2018-08-24,2018,4,2018-08-21,2018-08-24,True,True,False,True,True,POST_FIRST_POSITIVE_VOLUME,True,LEGITIMATE_NO_TRADE / SUSPENSION
SELEC.IS,2018-08-30,2018,1,2018-08-30,2018-08-30,True,True,False,True,True,POST_FIRST_POSITIVE_VOLUME,False,UNKNOWN
SELEC.IS,2018-10-29,2018,1,2018-10-29,2018-10-29,True,True,False,True,True,POST_FIRST_POSITIVE_VOLUME,False,UNKNOWN
SELEC.IS,2019-01-01,2019,1,2019-01-01,2019-01-01,True,True,False,True,True,POST_FIRST_POSITIVE_VOLUME,False,UNKNOWN
SELEC.IS,2019-04-23,2019,1,2019-04-23,2019-04-23,True,True,False,True,True,POST_FIRST_POSITIVE_VOLUME,False,UNKNOWN
SELEC.IS,2019-05-01,2019,1,2019-05-01,2019-05-01,True,True,False,True,True,POST_FIRST_POSITIVE_VOLUME,False,UNKNOWN
SELEC.IS,2019-06-04,2019,3,2019-06-04,2019-06-06,True,True,False,True,True,POST_FIRST_POSITIVE_VOLUME,True,LEGITIMATE_NO_TRADE / SUSPENSION
SELEC.IS,2019-06-05,2019,3,2019-06-04,2019-06-06,True,True,False,True,True,POST_FIRST_POSITIVE_VOLUME,True,LEGITIMATE_NO_TRADE / SUSPENSION
SELEC.IS,2019-06-06,2019,3,2019-06-04,2019-06-06,True,True,False,True,True,POST_FIRST_POSITIVE_VOLUME,True,LEGITIMATE_NO_TRADE / SUSPENSION
SELEC.IS,2019-07-15,2019,1,2019-07-15,2019-07-15,True,True,False,True,True,POST_FIRST_POSITIVE_VOLUME,False,UNKNOWN
SELEC.IS,2019-08-12,2019,3,2019-08-12,2019-08-14,True,True,False,True,True,POST_FIRST_POSITIVE_VOLUME,True,LEGITIMATE_NO_TRADE / SUSPENSION
SELEC.IS,2019-08-13,2019,3,2019-08-12,2019-08-14,True,True,False,True,True,POST_FIRST_POSITIVE_VOLUME,True,LEGITIMATE_NO_TRADE / SUSPENSION
SELEC.IS,2019-08-14,2019,3,2019-08-12,2019-08-14,True,True,False,True,True,POST_FIRST_POSITIVE_VOLUME,True,LEGITIMATE_NO_TRADE / SUSPENSION
SELEC.IS,2019-08-30,2019,1,2019-08-30,2019-08-30,True,True,False,True,True,POST_FIRST_POSITIVE_VOLUME,False,UNKNOWN
SELEC.IS,2020-03-11,2020,1,2020-03-11,2020-03-11,True,True,False,True,True,POST_FIRST_POSITIVE_VOLUME,False,UNKNOWN
SELEC.IS,2026-05-27,2026,3,2026-05-27,2026-05-29,True,True,False,True,True,POST_FIRST_POSITIVE_VOLUME,True,LEGITIMATE_NO_TRADE / SUSPENSION
SELEC.IS,2026-05-28,2026,3,2026-05-27,2026-05-29,True,True,False,True,True,POST_FIRST_POSITIVE_VOLUME,True,LEGITIMATE_NO_TRADE / SUSPENSION
SELEC.IS,2026-05-29,2026,3,2026-05-27,2026-05-29,True,True,False,True,True,POST_FIRST_POSITIVE_VOLUME,True,LEGITIMATE_NO_TRADE / SUSPENSION
ECILC.IS,2018-04-23,2018,1,2018-04-23,2018-04-23,True,True,False,True,True,POST_FIRST_POSITIVE_VOLUME,False,UNKNOWN
ECILC.IS,2018-05-01,2018,1,2018-05-01,2018-05-01,True,True,False,True,True,POST_FIRST_POSITIVE_VOLUME,False,UNKNOWN
ECILC.IS,2018-06-15,2018,1,2018-06-15,2018-06-15,True,True,False,True,True,POST_FIRST_POSITIVE_VOLUME,False,UNKNOWN
ECILC.IS,2018-08-21,2018,4,2018-08-21,2018-08-24,True,True,False,True,True,POST_FIRST_POSITIVE_VOLUME,True,LEGITIMATE_NO_TRADE / SUSPENSION
ECILC.IS,2018-08-22,2018,4,2018-08-21,2018-08-24,True,True,False,True,True,POST_FIRST_POSITIVE_VOLUME,True,LEGITIMATE_NO_TRADE / SUSPENSION
ECILC.IS,2018-08-23,2018,4,2018-08-21,2018-08-24,True,True,False,True,True,POST_FIRST_POSITIVE_VOLUME,True,LEGITIMATE_NO_TRADE / SUSPENSION
ECILC.IS,2018-08-24,2018,4,2018-08-21,2018-08-24,True,True,False,True,True,POST_FIRST_POSITIVE_VOLUME,True,LEGITIMATE_NO_TRADE / SUSPENSION
ECILC.IS,2018-08-30,2018,1,2018-08-30,2018-08-30,True,True,False,True,True,POST_FIRST_POSITIVE_VOLUME,False,UNKNOWN
ECILC.IS,2018-10-29,2018,1,2018-10-29,2018-10-29,True,True,False,True,True,POST_FIRST_POSITIVE_VOLUME,False,UNKNOWN
ECILC.IS,2019-01-01,2019,1,2019-01-01,2019-01-01,True,True,False,True,True,POST_FIRST_POSITIVE_VOLUME,False,UNKNOWN
ECILC.IS,2019-04-23,2019,1,2019-04-23,2019-04-23,True,True,False,True,True,POST_FIRST_POSITIVE_VOLUME,False,UNKNOWN
ECILC.IS,2019-05-01,2019,1,2019-05-01,2019-05-01,True,True,False,True,True,POST_FIRST_POSITIVE_VOLUME,False,UNKNOWN
ECILC.IS,2019-06-04,2019,3,2019-06-04,2019-06-06,True,True,False,True,True,POST_FIRST_POSITIVE_VOLUME,True,LEGITIMATE_NO_TRADE / SUSPENSION
ECILC.IS,2019-06-05,2019,3,2019-06-04,2019-06-06,True,True,False,True,True,POST_FIRST_POSITIVE_VOLUME,True,LEGITIMATE_NO_TRADE / SUSPENSION
ECILC.IS,2019-06-06,2019,3,2019-06-04,2019-06-06,True,True,False,True,True,POST_FIRST_POSITIVE_VOLUME,True,LEGITIMATE_NO_TRADE / SUSPENSION
ECILC.IS,2019-07-15,2019,1,2019-07-15,2019-07-15,True,True,False,True,False,POST_FIRST_POSITIVE_VOLUME,False,MISSING_VOLUME_ONLY
ECILC.IS,2019-08-12,2019,3,2019-08-12,2019-08-14,True,True,False,True,True,POST_FIRST_POSITIVE_VOLUME,True,LEGITIMATE_NO_TRADE / SUSPENSION
ECILC.IS,2019-08-13,2019,3,2019-08-12,2019-08-14,True,True,False,True,True,POST_FIRST_POSITIVE_VOLUME,True,LEGITIMATE_NO_TRADE / SUSPENSION
ECILC.IS,2019-08-14,2019,3,2019-08-12,2019-08-14,True,True,False,True,True,POST_FIRST_POSITIVE_VOLUME,True,LEGITIMATE_NO_TRADE / SUSPENSION
ECILC.IS,2019-08-30,2019,1,2019-08-30,2019-08-30,True,True,False,True,True,POST_FIRST_POSITIVE_VOLUME,False,UNKNOWN
ECILC.IS,2020-03-11,2020,1,2020-03-11,2020-03-11,True,True,False,True,True,POST_FIRST_POSITIVE_VOLUME,False,UNKNOWN
ECILC.IS,2026-05-27,2026,3,2026-05-27,2026-05-29,True,True,False,True,True,POST_FIRST_POSITIVE_VOLUME,True,LEGITIMATE_NO_TRADE / SUSPENSION
ECILC.IS,2026-05-28,2026,3,2026-05-27,2026-05-29,True,True,False,True,True,POST_FIRST_POSITIVE_VOLUME,True,LEGITIMATE_NO_TRADE / SUSPENSION
ECILC.IS,2026-05-29,2026,3,2026-05-27,2026-05-29,True,True,False,True,True,POST_FIRST_POSITIVE_VOLUME,True,LEGITIMATE_NO_TRADE / SUSPENSION
TURSG.IS,2018-04-23,2018,1,2018-04-23,2018-04-23,True,True,False,True,True,POST_FIRST_POSITIVE_VOLUME,False,UNKNOWN
TURSG.IS,2018-05-01,2018,1,2018-05-01,2018-05-01,True,True,False,True,True,POST_FIRST_POSITIVE_VOLUME,False,UNKNOWN
TURSG.IS,2018-06-15,2018,1,2018-06-15,2018-06-15,True,True,False,True,True,POST_FIRST_POSITIVE_VOLUME,False,UNKNOWN
TURSG.IS,2018-08-21,2018,4,2018-08-21,2018-08-24,True,True,False,True,True,POST_FIRST_POSITIVE_VOLUME,True,LEGITIMATE_NO_TRADE / SUSPENSION
TURSG.IS,2018-08-22,2018,4,2018-08-21,2018-08-24,True,True,False,True,True,POST_FIRST_POSITIVE_VOLUME,True,LEGITIMATE_NO_TRADE / SUSPENSION
TURSG.IS,2018-08-23,2018,4,2018-08-21,2018-08-24,True,True,False,True,True,POST_FIRST_POSITIVE_VOLUME,True,LEGITIMATE_NO_TRADE / SUSPENSION
TURSG.IS,2018-08-24,2018,4,2018-08-21,2018-08-24,True,True,False,True,True,POST_FIRST_POSITIVE_VOLUME,True,LEGITIMATE_NO_TRADE / SUSPENSION
TURSG.IS,2018-08-30,2018,1,2018-08-30,2018-08-30,True,True,False,True,True,POST_FIRST_POSITIVE_VOLUME,False,UNKNOWN
TURSG.IS,2018-10-29,2018,1,2018-10-29,2018-10-29,True,True,False,True,True,POST_FIRST_POSITIVE_VOLUME,False,UNKNOWN
TURSG.IS,2019-01-01,2019,1,2019-01-01,2019-01-01,True,True,False,True,True,POST_FIRST_POSITIVE_VOLUME,False,UNKNOWN
TURSG.IS,2019-04-23,2019,1,2019-04-23,2019-04-23,True,True,False,True,True,POST_FIRST_POSITIVE_VOLUME,False,UNKNOWN
TURSG.IS,2019-05-01,2019,1,2019-05-01,2019-05-01,True,True,False,True,True,POST_FIRST_POSITIVE_VOLUME,False,UNKNOWN
TURSG.IS,2019-06-04,2019,3,2019-06-04,2019-06-06,True,True,False,True,True,POST_FIRST_POSITIVE_VOLUME,True,LEGITIMATE_NO_TRADE / SUSPENSION
TURSG.IS,2019-06-05,2019,3,2019-06-04,2019-06-06,True,True,False,True,True,POST_FIRST_POSITIVE_VOLUME,True,LEGITIMATE_NO_TRADE / SUSPENSION
TURSG.IS,2019-06-06,2019,3,2019-06-04,2019-06-06,True,True,False,True,True,POST_FIRST_POSITIVE_VOLUME,True,LEGITIMATE_NO_TRADE / SUSPENSION
TURSG.IS,2019-07-15,2019,1,2019-07-15,2019-07-15,True,True,False,True,True,POST_FIRST_POSITIVE_VOLUME,False,UNKNOWN
TURSG.IS,2019-08-12,2019,3,2019-08-12,2019-08-14,True,True,False,True,True,POST_FIRST_POSITIVE_VOLUME,True,LEGITIMATE_NO_TRADE / SUSPENSION
TURSG.IS,2019-08-13,2019,3,2019-08-12,2019-08-14,True,True,False,True,True,POST_FIRST_POSITIVE_VOLUME,True,LEGITIMATE_NO_TRADE / SUSPENSION
TURSG.IS,2019-08-14,2019,3,2019-08-12,2019-08-14,True,True,False,True,True,POST_FIRST_POSITIVE_VOLUME,True,LEGITIMATE_NO_TRADE / SUSPENSION
TURSG.IS,2019-08-30,2019,1,2019-08-30,2019-08-30,True,True,False,True,True,POST_FIRST_POSITIVE_VOLUME,False,UNKNOWN
TURSG.IS,2020-03-11,2020,1,2020-03-11,2020-03-11,True,True,False,True,True,POST_FIRST_POSITIVE_VOLUME,False,UNKNOWN
TURSG.IS,2020-09-01,2020,1,2020-09-01,2020-09-01,True,True,False,True,True,POST_FIRST_POSITIVE_VOLUME,False,UNKNOWN
TURSG.IS,2024-04-09,2024,1,2024-04-09,2024-04-09,True,True,False,True,True,POST_FIRST_POSITIVE_VOLUME,False,UNKNOWN
TURSG.IS,2026-04-23,2026,1,2026-04-23,2026-04-23,True,True,False,True,True,POST_FIRST_POSITIVE_VOLUME,False,UNKNOWN
TURSG.IS,2026-05-01,2026,1,2026-05-01,2026-05-01,True,True,False,True,True,POST_FIRST_POSITIVE_VOLUME,False,UNKNOWN
TURSG.IS,2026-05-19,2026,1,2026-05-19,2026-05-19,True,True,False,True,True,POST_FIRST_POSITIVE_VOLUME,False,UNKNOWN
TURSG.IS,2026-05-27,2026,3,2026-05-27,2026-05-29,True,True,False,True,True,POST_FIRST_POSITIVE_VOLUME,True,LEGITIMATE_NO_TRADE / SUSPENSION
TURSG.IS,2026-05-28,2026,3,2026-05-27,2026-05-29,True,True,False,True,True,POST_FIRST_POSITIVE_VOLUME,True,LEGITIMATE_NO_TRADE / SUSPENSION
TURSG.IS,2026-05-29,2026,3,2026-05-27,2026-05-29,True,True,False,True,True,POST_FIRST_POSITIVE_VOLUME,True,LEGITIMATE_NO_TRADE / SUSPENSION
ANSGR.IS,2018-04-23,2018,1,2018-04-23,2018-04-23,True,True,False,True,True,POST_FIRST_POSITIVE_VOLUME,False,UNKNOWN
ANSGR.IS,2018-05-01,2018,1,2018-05-01,2018-05-01,True,True,False,True,True,POST_FIRST_POSITIVE_VOLUME,False,UNKNOWN
ANSGR.IS,2018-06-15,2018,1,2018-06-15,2018-06-15,True,True,False,True,True,POST_FIRST_POSITIVE_VOLUME,False,UNKNOWN
ANSGR.IS,2018-08-21,2018,4,2018-08-21,2018-08-24,True,True,False,True,True,POST_FIRST_POSITIVE_VOLUME,True,LEGITIMATE_NO_TRADE / SUSPENSION
ANSGR.IS,2018-08-22,2018,4,2018-08-21,2018-08-24,True,True,False,True,True,POST_FIRST_POSITIVE_VOLUME,True,LEGITIMATE_NO_TRADE / SUSPENSION
ANSGR.IS,2018-08-23,2018,4,2018-08-21,2018-08-24,True,True,False,True,True,POST_FIRST_POSITIVE_VOLUME,True,LEGITIMATE_NO_TRADE / SUSPENSION
ANSGR.IS,2018-08-24,2018,4,2018-08-21,2018-08-24,True,True,False,True,True,POST_FIRST_POSITIVE_VOLUME,True,LEGITIMATE_NO_TRADE / SUSPENSION
ANSGR.IS,2018-08-30,2018,1,2018-08-30,2018-08-30,True,True,False,True,True,POST_FIRST_POSITIVE_VOLUME,False,UNKNOWN
ANSGR.IS,2018-10-29,2018,1,2018-10-29,2018-10-29,True,True,False,True,True,POST_FIRST_POSITIVE_VOLUME,False,UNKNOWN
ANSGR.IS,2019-01-01,2019,1,2019-01-01,2019-01-01,True,True,False,True,True,POST_FIRST_POSITIVE_VOLUME,False,UNKNOWN
ANSGR.IS,2019-04-23,2019,1,2019-04-23,2019-04-23,True,True,False,True,True,POST_FIRST_POSITIVE_VOLUME,False,UNKNOWN
ANSGR.IS,2019-05-01,2019,1,2019-05-01,2019-05-01,True,True,False,True,True,POST_FIRST_POSITIVE_VOLUME,False,UNKNOWN
ANSGR.IS,2019-06-04,2019,3,2019-06-04,2019-06-06,True,True,False,True,True,POST_FIRST_POSITIVE_VOLUME,True,LEGITIMATE_NO_TRADE / SUSPENSION
ANSGR.IS,2019-06-05,2019,3,2019-06-04,2019-06-06,True,True,False,True,True,POST_FIRST_POSITIVE_VOLUME,True,LEGITIMATE_NO_TRADE / SUSPENSION
ANSGR.IS,2019-06-06,2019,3,2019-06-04,2019-06-06,True,True,False,True,True,POST_FIRST_POSITIVE_VOLUME,True,LEGITIMATE_NO_TRADE / SUSPENSION
ANSGR.IS,2019-07-15,2019,1,2019-07-15,2019-07-15,True,True,False,True,True,POST_FIRST_POSITIVE_VOLUME,False,UNKNOWN
ANSGR.IS,2019-08-12,2019,3,2019-08-12,2019-08-14,True,True,False,True,True,POST_FIRST_POSITIVE_VOLUME,True,LEGITIMATE_NO_TRADE / SUSPENSION
ANSGR.IS,2019-08-13,2019,3,2019-08-12,2019-08-14,True,True,False,True,True,POST_FIRST_POSITIVE_VOLUME,True,LEGITIMATE_NO_TRADE / SUSPENSION
ANSGR.IS,2019-08-14,2019,3,2019-08-12,2019-08-14,True,True,False,True,True,POST_FIRST_POSITIVE_VOLUME,True,LEGITIMATE_NO_TRADE / SUSPENSION
ANSGR.IS,2019-08-30,2019,1,2019-08-30,2019-08-30,True,True,False,True,True,POST_FIRST_POSITIVE_VOLUME,False,UNKNOWN
ANSGR.IS,2020-03-11,2020,1,2020-03-11,2020-03-11,True,True,False,True,True,POST_FIRST_POSITIVE_VOLUME,False,UNKNOWN
ANSGR.IS,2024-04-09,2024,1,2024-04-09,2024-04-09,True,True,False,True,True,POST_FIRST_POSITIVE_VOLUME,False,UNKNOWN
ANSGR.IS,2026-05-27,2026,3,2026-05-27,2026-05-29,True,True,False,True,True,POST_FIRST_POSITIVE_VOLUME,True,LEGITIMATE_NO_TRADE / SUSPENSION
ANSGR.IS,2026-05-28,2026,3,2026-05-27,2026-05-29,True,True,False,True,True,POST_FIRST_POSITIVE_VOLUME,True,LEGITIMATE_NO_TRADE / SUSPENSION
ANSGR.IS,2026-05-29,2026,3,2026-05-27,2026-05-29,True,True,False,True,True,POST_FIRST_POSITIVE_VOLUME,True,LEGITIMATE_NO_TRADE / SUSPENSION
MTRKS.IS,2023-02-08,2023,1,2023-02-08,2023-02-08,True,True,False,True,True,POST_FIRST_POSITIVE_VOLUME,False,UNKNOWN
MTRKS.IS,2024-04-09,2024,1,2024-04-09,2024-04-09,True,True,False,True,True,POST_FIRST_POSITIVE_VOLUME,False,UNKNOWN
MTRKS.IS,2026-05-27,2026,3,2026-05-27,2026-05-29,True,True,False,True,True,POST_FIRST_POSITIVE_VOLUME,True,LEGITIMATE_NO_TRADE / SUSPENSION
MTRKS.IS,2026-05-28,2026,3,2026-05-27,2026-05-29,True,True,False,True,True,POST_FIRST_POSITIVE_VOLUME,True,LEGITIMATE_NO_TRADE / SUSPENSION
MTRKS.IS,2026-05-29,2026,3,2026-05-27,2026-05-29,True,True,False,True,True,POST_FIRST_POSITIVE_VOLUME,True,LEGITIMATE_NO_TRADE / SUSPENSION
LOGO.IS,2018-04-23,2018,1,2018-04-23,2018-04-23,True,True,False,True,True,POST_FIRST_POSITIVE_VOLUME,False,UNKNOWN
LOGO.IS,2018-05-01,2018,1,2018-05-01,2018-05-01,True,True,False,True,True,POST_FIRST_POSITIVE_VOLUME,False,UNKNOWN
LOGO.IS,2018-06-15,2018,1,2018-06-15,2018-06-15,True,True,False,True,True,POST_FIRST_POSITIVE_VOLUME,False,UNKNOWN
LOGO.IS,2018-08-21,2018,4,2018-08-21,2018-08-24,True,True,False,True,True,POST_FIRST_POSITIVE_VOLUME,True,LEGITIMATE_NO_TRADE / SUSPENSION
LOGO.IS,2018-08-22,2018,4,2018-08-21,2018-08-24,True,True,False,True,True,POST_FIRST_POSITIVE_VOLUME,True,LEGITIMATE_NO_TRADE / SUSPENSION
LOGO.IS,2018-08-23,2018,4,2018-08-21,2018-08-24,True,True,False,True,True,POST_FIRST_POSITIVE_VOLUME,True,LEGITIMATE_NO_TRADE / SUSPENSION
LOGO.IS,2018-08-24,2018,4,2018-08-21,2018-08-24,True,True,False,True,True,POST_FIRST_POSITIVE_VOLUME,True,LEGITIMATE_NO_TRADE / SUSPENSION
LOGO.IS,2018-08-30,2018,1,2018-08-30,2018-08-30,True,True,False,True,True,POST_FIRST_POSITIVE_VOLUME,False,UNKNOWN
LOGO.IS,2018-10-29,2018,1,2018-10-29,2018-10-29,True,True,False,True,True,POST_FIRST_POSITIVE_VOLUME,False,UNKNOWN
LOGO.IS,2019-01-01,2019,1,2019-01-01,2019-01-01,True,True,False,True,True,POST_FIRST_POSITIVE_VOLUME,False,UNKNOWN
LOGO.IS,2019-04-23,2019,1,2019-04-23,2019-04-23,True,True,False,True,True,POST_FIRST_POSITIVE_VOLUME,False,UNKNOWN
LOGO.IS,2019-05-01,2019,1,2019-05-01,2019-05-01,True,True,False,True,True,POST_FIRST_POSITIVE_VOLUME,False,UNKNOWN
LOGO.IS,2019-06-04,2019,3,2019-06-04,2019-06-06,True,True,False,True,False,POST_FIRST_POSITIVE_VOLUME,False,MISSING_VOLUME_ONLY
LOGO.IS,2019-06-05,2019,3,2019-06-04,2019-06-06,True,True,False,True,False,POST_FIRST_POSITIVE_VOLUME,False,MISSING_VOLUME_ONLY
LOGO.IS,2019-06-06,2019,3,2019-06-04,2019-06-06,True,True,False,True,False,POST_FIRST_POSITIVE_VOLUME,False,MISSING_VOLUME_ONLY
LOGO.IS,2019-07-15,2019,1,2019-07-15,2019-07-15,True,True,False,True,True,POST_FIRST_POSITIVE_VOLUME,False,UNKNOWN
LOGO.IS,2019-08-12,2019,3,2019-08-12,2019-08-14,True,True,False,True,True,POST_FIRST_POSITIVE_VOLUME,True,LEGITIMATE_NO_TRADE / SUSPENSION
LOGO.IS,2019-08-13,2019,3,2019-08-12,2019-08-14,True,True,False,True,True,POST_FIRST_POSITIVE_VOLUME,True,LEGITIMATE_NO_TRADE / SUSPENSION
LOGO.IS,2019-08-14,2019,3,2019-08-12,2019-08-14,True,True,False,True,True,POST_FIRST_POSITIVE_VOLUME,True,LEGITIMATE_NO_TRADE / SUSPENSION
LOGO.IS,2019-08-30,2019,1,2019-08-30,2019-08-30,True,True,False,True,True,POST_FIRST_POSITIVE_VOLUME,False,UNKNOWN
LOGO.IS,2020-03-11,2020,1,2020-03-11,2020-03-11,True,True,False,True,True,POST_FIRST_POSITIVE_VOLUME,False,UNKNOWN
LOGO.IS,2026-05-27,2026,3,2026-05-27,2026-05-29,True,True,False,True,True,POST_FIRST_POSITIVE_VOLUME,True,LEGITIMATE_NO_TRADE / SUSPENSION
LOGO.IS,2026-05-28,2026,3,2026-05-27,2026-05-29,True,True,False,True,True,POST_FIRST_POSITIVE_VOLUME,True,LEGITIMATE_NO_TRADE / SUSPENSION
LOGO.IS,2026-05-29,2026,3,2026-05-27,2026-05-29,True,True,False,True,True,POST_FIRST_POSITIVE_VOLUME,True,LEGITIMATE_NO_TRADE / SUSPENSION
AGROT.IS,2024-04-09,2024,1,2024-04-09,2024-04-09,True,True,False,True,True,POST_FIRST_POSITIVE_VOLUME,False,UNKNOWN
AGROT.IS,2026-05-27,2026,3,2026-05-27,2026-05-29,True,True,False,True,True,POST_FIRST_POSITIVE_VOLUME,True,LEGITIMATE_NO_TRADE / SUSPENSION
AGROT.IS,2026-05-28,2026,3,2026-05-27,2026-05-29,True,True,False,True,True,POST_FIRST_POSITIVE_VOLUME,True,LEGITIMATE_NO_TRADE / SUSPENSION
AGROT.IS,2026-05-29,2026,3,2026-05-27,2026-05-29,True,True,False,True,True,POST_FIRST_POSITIVE_VOLUME,True,LEGITIMATE_NO_TRADE / SUSPENSION
BINHO.IS,2024-04-09,2024,1,2024-04-09,2024-04-09,True,True,False,True,True,POST_FIRST_POSITIVE_VOLUME,False,UNKNOWN
BINHO.IS,2026-05-27,2026,3,2026-05-27,2026-05-29,True,True,False,True,True,POST_FIRST_POSITIVE_VOLUME,True,LEGITIMATE_NO_TRADE / SUSPENSION
BINHO.IS,2026-05-28,2026,3,2026-05-27,2026-05-29,True,True,False,True,True,POST_FIRST_POSITIVE_VOLUME,True,LEGITIMATE_NO_TRADE / SUSPENSION
BINHO.IS,2026-05-29,2026,3,2026-05-27,2026-05-29,True,True,False,True,True,POST_FIRST_POSITIVE_VOLUME,True,LEGITIMATE_NO_TRADE / SUSPENSION
REEDR.IS,2026-05-27,2026,3,2026-05-27,2026-05-29,True,True,False,True,True,POST_FIRST_POSITIVE_VOLUME,True,LEGITIMATE_NO_TRADE / SUSPENSION
REEDR.IS,2026-05-28,2026,3,2026-05-27,2026-05-29,True,True,False,True,True,POST_FIRST_POSITIVE_VOLUME,True,LEGITIMATE_NO_TRADE / SUSPENSION
REEDR.IS,2026-05-29,2026,3,2026-05-27,2026-05-29,True,True,False,True,True,POST_FIRST_POSITIVE_VOLUME,True,LEGITIMATE_NO_TRADE / SUSPENSION
SDTTR.IS,2023-02-08,2023,1,2023-02-08,2023-02-08,True,True,False,True,True,POST_FIRST_POSITIVE_VOLUME,False,UNKNOWN
SDTTR.IS,2024-04-09,2024,1,2024-04-09,2024-04-09,True,True,False,True,True,POST_FIRST_POSITIVE_VOLUME,False,UNKNOWN
SDTTR.IS,2026-04-23,2026,1,2026-04-23,2026-04-23,True,True,False,True,True,POST_FIRST_POSITIVE_VOLUME,False,UNKNOWN
SDTTR.IS,2026-05-01,2026,1,2026-05-01,2026-05-01,True,True,False,True,True,POST_FIRST_POSITIVE_VOLUME,False,UNKNOWN
SDTTR.IS,2026-05-19,2026,1,2026-05-19,2026-05-19,True,True,False,True,True,POST_FIRST_POSITIVE_VOLUME,False,UNKNOWN
SDTTR.IS,2026-05-27,2026,3,2026-05-27,2026-05-29,True,True,False,True,True,POST_FIRST_POSITIVE_VOLUME,True,LEGITIMATE_NO_TRADE / SUSPENSION
SDTTR.IS,2026-05-28,2026,3,2026-05-27,2026-05-29,True,True,False,True,True,POST_FIRST_POSITIVE_VOLUME,True,LEGITIMATE_NO_TRADE / SUSPENSION
SDTTR.IS,2026-05-29,2026,3,2026-05-27,2026-05-29,True,True,False,True,True,POST_FIRST_POSITIVE_VOLUME,True,LEGITIMATE_NO_TRADE / SUSPENSION
SDTTR.IS,2026-07-15,2026,1,2026-07-15,2026-07-15,True,True,False,True,True,POST_FIRST_POSITIVE_VOLUME,False,UNKNOWN
MIATK.IS,2023-02-08,2023,1,2023-02-08,2023-02-08,True,True,False,True,True,POST_FIRST_POSITIVE_VOLUME,False,UNKNOWN
MIATK.IS,2026-05-27,2026,3,2026-05-27,2026-05-29,True,True,False,True,True,POST_FIRST_POSITIVE_VOLUME,True,LEGITIMATE_NO_TRADE / SUSPENSION
MIATK.IS,2026-05-28,2026,3,2026-05-27,2026-05-29,True,True,False,True,True,POST_FIRST_POSITIVE_VOLUME,True,LEGITIMATE_NO_TRADE / SUSPENSION
MIATK.IS,2026-05-29,2026,3,2026-05-27,2026-05-29,True,True,False,True,True,POST_FIRST_POSITIVE_VOLUME,True,LEGITIMATE_NO_TRADE / SUSPENSION
KBORU.IS,2024-04-09,2024,1,2024-04-09,2024-04-09,True,True,False,True,True,POST_FIRST_POSITIVE_VOLUME,False,UNKNOWN
KBORU.IS,2026-05-27,2026,3,2026-05-27,2026-05-29,True,True,False,True,True,POST_FIRST_POSITIVE_VOLUME,True,LEGITIMATE_NO_TRADE / SUSPENSION
KBORU.IS,2026-05-28,2026,3,2026-05-27,2026-05-29,True,True,False,True,True,POST_FIRST_POSITIVE_VOLUME,True,LEGITIMATE_NO_TRADE / SUSPENSION
KBORU.IS,2026-05-29,2026,3,2026-05-27,2026-05-29,True,True,False,True,True,POST_FIRST_POSITIVE_VOLUME,True,LEGITIMATE_NO_TRADE / SUSPENSION
CVKMD.IS,2024-04-09,2024,1,2024-04-09,2024-04-09,True,True,False,True,True,POST_FIRST_POSITIVE_VOLUME,False,UNKNOWN
CVKMD.IS,2026-05-27,2026,3,2026-05-27,2026-05-29,True,True,False,True,True,POST_FIRST_POSITIVE_VOLUME,True,LEGITIMATE_NO_TRADE / SUSPENSION
CVKMD.IS,2026-05-28,2026,3,2026-05-27,2026-05-29,True,True,False,True,True,POST_FIRST_POSITIVE_VOLUME,True,LEGITIMATE_NO_TRADE / SUSPENSION
CVKMD.IS,2026-05-29,2026,3,2026-05-27,2026-05-29,True,True,False,True,True,POST_FIRST_POSITIVE_VOLUME,True,LEGITIMATE_NO_TRADE / SUSPENSION
GOKNR.IS,2026-05-27,2026,3,2026-05-27,2026-05-29,True,True,False,True,True,POST_FIRST_POSITIVE_VOLUME,True,LEGITIMATE_NO_TRADE / SUSPENSION
GOKNR.IS,2026-05-28,2026,3,2026-05-27,2026-05-29,True,True,False,True,True,POST_FIRST_POSITIVE_VOLUME,True,LEGITIMATE_NO_TRADE / SUSPENSION
GOKNR.IS,2026-05-29,2026,3,2026-05-27,2026-05-29,True,True,False,True,True,POST_FIRST_POSITIVE_VOLUME,True,LEGITIMATE_NO_TRADE / SUSPENSION
SURGY.IS,2026-05-27,2026,3,2026-05-27,2026-05-29,True,True,False,True,True,POST_FIRST_POSITIVE_VOLUME,True,LEGITIMATE_NO_TRADE / SUSPENSION
SURGY.IS,2026-05-28,2026,3,2026-05-27,2026-05-29,True,True,False,True,True,POST_FIRST_POSITIVE_VOLUME,True,LEGITIMATE_NO_TRADE / SUSPENSION
SURGY.IS,2026-05-29,2026,3,2026-05-27,2026-05-29,True,True,False,True,True,POST_FIRST_POSITIVE_VOLUME,True,LEGITIMATE_NO_TRADE / SUSPENSION
MOGAN.IS,2026-05-27,2026,3,2026-05-27,2026-05-29,True,True,False,True,True,POST_FIRST_POSITIVE_VOLUME,True,LEGITIMATE_NO_TRADE / SUSPENSION
MOGAN.IS,2026-05-28,2026,3,2026-05-27,2026-05-29,True,True,False,True,True,POST_FIRST_POSITIVE_VOLUME,True,LEGITIMATE_NO_TRADE / SUSPENSION
MOGAN.IS,2026-05-29,2026,3,2026-05-27,2026-05-29,True,True,False,True,True,POST_FIRST_POSITIVE_VOLUME,True,LEGITIMATE_NO_TRADE / SUSPENSION
ALVES.IS,2026-05-27,2026,3,2026-05-27,2026-05-29,True,True,False,True,True,POST_FIRST_POSITIVE_VOLUME,True,LEGITIMATE_NO_TRADE / SUSPENSION
ALVES.IS,2026-05-28,2026,3,2026-05-27,2026-05-29,True,True,False,True,True,POST_FIRST_POSITIVE_VOLUME,True,LEGITIMATE_NO_TRADE / SUSPENSION
ALVES.IS,2026-05-29,2026,3,2026-05-27,2026-05-29,True,True,False,True,True,POST_FIRST_POSITIVE_VOLUME,True,LEGITIMATE_NO_TRADE / SUSPENSION
ALVES.IS,2026-09-09,2026,1,2026-09-09,2026-09-09,True,True,False,True,True,POST_FIRST_POSITIVE_VOLUME,False,UNKNOWN
PASEU.IS,2024-04-09,2024,1,2024-04-09,2024-04-09,True,True,False,True,True,POST_FIRST_POSITIVE_VOLUME,False,UNKNOWN
PASEU.IS,2026-05-27,2026,3,2026-05-27,2026-05-29,True,True,False,True,True,POST_FIRST_POSITIVE_VOLUME,True,LEGITIMATE_NO_TRADE / SUSPENSION
PASEU.IS,2026-05-28,2026,3,2026-05-27,2026-05-29,True,True,False,True,True,POST_FIRST_POSITIVE_VOLUME,True,LEGITIMATE_NO_TRADE / SUSPENSION
PASEU.IS,2026-05-29,2026,3,2026-05-27,2026-05-29,True,True,False,True,True,POST_FIRST_POSITIVE_VOLUME,True,LEGITIMATE_NO_TRADE / SUSPENSION
INVES.IS,2026-05-27,2026,3,2026-05-27,2026-05-29,True,True,False,True,True,POST_FIRST_POSITIVE_VOLUME,True,LEGITIMATE_NO_TRADE / SUSPENSION
INVES.IS,2026-05-28,2026,3,2026-05-27,2026-05-29,True,True,False,True,True,POST_FIRST_POSITIVE_VOLUME,True,LEGITIMATE_NO_TRADE / SUSPENSION
INVES.IS,2026-05-29,2026,3,2026-05-27,2026-05-29,True,True,False,True,True,POST_FIRST_POSITIVE_VOLUME,True,LEGITIMATE_NO_TRADE / SUSPENSION
PLTUR.IS,2023-02-08,2023,1,2023-02-08,2023-02-08,True,True,False,True,True,POST_FIRST_POSITIVE_VOLUME,False,UNKNOWN
PLTUR.IS,2026-05-27,2026,3,2026-05-27,2026-05-29,True,True,False,True,True,POST_FIRST_POSITIVE_VOLUME,True,LEGITIMATE_NO_TRADE / SUSPENSION
PLTUR.IS,2026-05-28,2026,3,2026-05-27,2026-05-29,True,True,False,True,True,POST_FIRST_POSITIVE_VOLUME,True,LEGITIMATE_NO_TRADE / SUSPENSION
PLTUR.IS,2026-05-29,2026,3,2026-05-27,2026-05-29,True,True,False,True,True,POST_FIRST_POSITIVE_VOLUME,True,LEGITIMATE_NO_TRADE / SUSPENSION
ONCSM.IS,2023-02-08,2023,1,2023-02-08,2023-02-08,True,True,False,True,True,POST_FIRST_POSITIVE_VOLUME,False,UNKNOWN
ONCSM.IS,2026-05-27,2026,3,2026-05-27,2026-05-29,True,True,False,True,True,POST_FIRST_POSITIVE_VOLUME,True,LEGITIMATE_NO_TRADE / SUSPENSION
ONCSM.IS,2026-05-28,2026,3,2026-05-27,2026-05-29,True,True,False,True,True,POST_FIRST_POSITIVE_VOLUME,True,LEGITIMATE_NO_TRADE / SUSPENSION
ONCSM.IS,2026-05-29,2026,3,2026-05-27,2026-05-29,True,True,False,True,True,POST_FIRST_POSITIVE_VOLUME,True,LEGITIMATE_NO_TRADE / SUSPENSION
CANTE.IS,2024-04-09,2024,1,2024-04-09,2024-04-09,True,True,False,True,True,POST_FIRST_POSITIVE_VOLUME,False,UNKNOWN
CANTE.IS,2025-07-30,2025,1,2025-07-30,2025-07-30,False,False,True,True,False,POST_FIRST_POSITIVE_VOLUME,False,MISSING_VOLUME_ONLY
CANTE.IS,2025-08-14,2025,1,2025-08-14,2025-08-14,False,False,True,True,False,POST_FIRST_POSITIVE_VOLUME,False,MISSING_VOLUME_ONLY
CANTE.IS,2026-05-27,2026,3,2026-05-27,2026-05-29,True,True,False,True,True,POST_FIRST_POSITIVE_VOLUME,True,LEGITIMATE_NO_TRADE / SUSPENSION
CANTE.IS,2026-05-28,2026,3,2026-05-27,2026-05-29,True,True,False,True,True,POST_FIRST_POSITIVE_VOLUME,True,LEGITIMATE_NO_TRADE / SUSPENSION
CANTE.IS,2026-05-29,2026,3,2026-05-27,2026-05-29,True,True,False,True,True,POST_FIRST_POSITIVE_VOLUME,True,LEGITIMATE_NO_TRADE / SUSPENSION
ODAS.IS,2018-04-23,2018,1,2018-04-23,2018-04-23,True,True,False,True,True,POST_FIRST_POSITIVE_VOLUME,False,UNKNOWN
ODAS.IS,2018-05-01,2018,1,2018-05-01,2018-05-01,True,True,False,True,True,POST_FIRST_POSITIVE_VOLUME,False,UNKNOWN
ODAS.IS,2018-06-15,2018,1,2018-06-15,2018-06-15,True,True,False,True,True,POST_FIRST_POSITIVE_VOLUME,False,UNKNOWN
ODAS.IS,2018-08-21,2018,4,2018-08-21,2018-08-24,True,True,False,True,True,POST_FIRST_POSITIVE_VOLUME,True,LEGITIMATE_NO_TRADE / SUSPENSION
ODAS.IS,2018-08-22,2018,4,2018-08-21,2018-08-24,True,True,False,True,True,POST_FIRST_POSITIVE_VOLUME,True,LEGITIMATE_NO_TRADE / SUSPENSION
ODAS.IS,2018-08-23,2018,4,2018-08-21,2018-08-24,True,True,False,True,True,POST_FIRST_POSITIVE_VOLUME,True,LEGITIMATE_NO_TRADE / SUSPENSION
ODAS.IS,2018-08-24,2018,4,2018-08-21,2018-08-24,True,True,False,True,True,POST_FIRST_POSITIVE_VOLUME,True,LEGITIMATE_NO_TRADE / SUSPENSION
ODAS.IS,2018-08-30,2018,1,2018-08-30,2018-08-30,True,True,False,True,True,POST_FIRST_POSITIVE_VOLUME,False,UNKNOWN
ODAS.IS,2018-10-29,2018,1,2018-10-29,2018-10-29,True,True,False,True,True,POST_FIRST_POSITIVE_VOLUME,False,UNKNOWN
ODAS.IS,2019-01-01,2019,1,2019-01-01,2019-01-01,True,True,False,True,True,POST_FIRST_POSITIVE_VOLUME,False,UNKNOWN
ODAS.IS,2019-04-23,2019,1,2019-04-23,2019-04-23,True,True,False,True,True,POST_FIRST_POSITIVE_VOLUME,False,UNKNOWN
ODAS.IS,2019-05-01,2019,1,2019-05-01,2019-05-01,True,True,False,True,True,POST_FIRST_POSITIVE_VOLUME,False,UNKNOWN
ODAS.IS,2019-06-04,2019,3,2019-06-04,2019-06-06,True,True,False,True,True,POST_FIRST_POSITIVE_VOLUME,True,LEGITIMATE_NO_TRADE / SUSPENSION
ODAS.IS,2019-06-05,2019,3,2019-06-04,2019-06-06,True,True,False,True,True,POST_FIRST_POSITIVE_VOLUME,True,LEGITIMATE_NO_TRADE / SUSPENSION
ODAS.IS,2019-06-06,2019,3,2019-06-04,2019-06-06,True,True,False,True,True,POST_FIRST_POSITIVE_VOLUME,True,LEGITIMATE_NO_TRADE / SUSPENSION
ODAS.IS,2019-07-15,2019,1,2019-07-15,2019-07-15,True,True,False,True,True,POST_FIRST_POSITIVE_VOLUME,False,UNKNOWN
ODAS.IS,2019-08-12,2019,3,2019-08-12,2019-08-14,True,True,False,True,True,POST_FIRST_POSITIVE_VOLUME,True,LEGITIMATE_NO_TRADE / SUSPENSION
ODAS.IS,2019-08-13,2019,3,2019-08-12,2019-08-14,True,True,False,True,True,POST_FIRST_POSITIVE_VOLUME,True,LEGITIMATE_NO_TRADE / SUSPENSION
ODAS.IS,2019-08-14,2019,3,2019-08-12,2019-08-14,True,True,False,True,True,POST_FIRST_POSITIVE_VOLUME,True,LEGITIMATE_NO_TRADE / SUSPENSION
ODAS.IS,2019-08-30,2019,1,2019-08-30,2019-08-30,True,True,False,True,True,POST_FIRST_POSITIVE_VOLUME,False,UNKNOWN
ODAS.IS,2020-03-11,2020,1,2020-03-11,2020-03-11,True,True,False,True,True,POST_FIRST_POSITIVE_VOLUME,False,UNKNOWN
ODAS.IS,2026-05-27,2026,3,2026-05-27,2026-05-29,True,True,False,True,True,POST_FIRST_POSITIVE_VOLUME,True,LEGITIMATE_NO_TRADE / SUSPENSION
ODAS.IS,2026-05-28,2026,3,2026-05-27,2026-05-29,True,True,False,True,True,POST_FIRST_POSITIVE_VOLUME,True,LEGITIMATE_NO_TRADE / SUSPENSION
ODAS.IS,2026-05-29,2026,3,2026-05-27,2026-05-29,True,True,False,True,True,POST_FIRST_POSITIVE_VOLUME,True,LEGITIMATE_NO_TRADE / SUSPENSION
GENTS.IS,2018-04-23,2018,1,2018-04-23,2018-04-23,True,True,False,True,True,POST_FIRST_POSITIVE_VOLUME,False,UNKNOWN
GENTS.IS,2018-05-01,2018,1,2018-05-01,2018-05-01,True,True,False,True,True,POST_FIRST_POSITIVE_VOLUME,False,UNKNOWN
GENTS.IS,2018-06-15,2018,1,2018-06-15,2018-06-15,True,True,False,True,True,POST_FIRST_POSITIVE_VOLUME,False,UNKNOWN
GENTS.IS,2018-08-21,2018,4,2018-08-21,2018-08-24,True,True,False,True,True,POST_FIRST_POSITIVE_VOLUME,True,LEGITIMATE_NO_TRADE / SUSPENSION
GENTS.IS,2018-08-22,2018,4,2018-08-21,2018-08-24,True,True,False,True,True,POST_FIRST_POSITIVE_VOLUME,True,LEGITIMATE_NO_TRADE / SUSPENSION
GENTS.IS,2018-08-23,2018,4,2018-08-21,2018-08-24,True,True,False,True,True,POST_FIRST_POSITIVE_VOLUME,True,LEGITIMATE_NO_TRADE / SUSPENSION
GENTS.IS,2018-08-24,2018,4,2018-08-21,2018-08-24,True,True,False,True,True,POST_FIRST_POSITIVE_VOLUME,True,LEGITIMATE_NO_TRADE / SUSPENSION
GENTS.IS,2018-08-30,2018,1,2018-08-30,2018-08-30,True,True,False,True,True,POST_FIRST_POSITIVE_VOLUME,False,UNKNOWN
GENTS.IS,2018-10-29,2018,1,2018-10-29,2018-10-29,True,True,False,True,True,POST_FIRST_POSITIVE_VOLUME,False,UNKNOWN
GENTS.IS,2019-01-01,2019,1,2019-01-01,2019-01-01,True,True,False,True,True,POST_FIRST_POSITIVE_VOLUME,False,UNKNOWN
GENTS.IS,2019-04-23,2019,1,2019-04-23,2019-04-23,True,True,False,True,True,POST_FIRST_POSITIVE_VOLUME,False,UNKNOWN
GENTS.IS,2019-05-01,2019,1,2019-05-01,2019-05-01,True,True,False,True,True,POST_FIRST_POSITIVE_VOLUME,False,UNKNOWN
GENTS.IS,2019-06-04,2019,3,2019-06-04,2019-06-06,True,True,False,True,False,POST_FIRST_POSITIVE_VOLUME,False,MISSING_VOLUME_ONLY
GENTS.IS,2019-06-05,2019,3,2019-06-04,2019-06-06,True,True,False,True,False,POST_FIRST_POSITIVE_VOLUME,False,MISSING_VOLUME_ONLY
GENTS.IS,2019-06-06,2019,3,2019-06-04,2019-06-06,True,True,False,True,False,POST_FIRST_POSITIVE_VOLUME,False,MISSING_VOLUME_ONLY
GENTS.IS,2019-07-15,2019,1,2019-07-15,2019-07-15,True,True,False,True,True,POST_FIRST_POSITIVE_VOLUME,False,UNKNOWN
GENTS.IS,2019-08-12,2019,3,2019-08-12,2019-08-14,True,True,False,True,True,POST_FIRST_POSITIVE_VOLUME,True,LEGITIMATE_NO_TRADE / SUSPENSION
GENTS.IS,2019-08-13,2019,3,2019-08-12,2019-08-14,True,True,False,True,True,POST_FIRST_POSITIVE_VOLUME,True,LEGITIMATE_NO_TRADE / SUSPENSION
GENTS.IS,2019-08-14,2019,3,2019-08-12,2019-08-14,True,True,False,True,True,POST_FIRST_POSITIVE_VOLUME,True,LEGITIMATE_NO_TRADE / SUSPENSION
GENTS.IS,2019-08-30,2019,1,2019-08-30,2019-08-30,True,True,False,True,True,POST_FIRST_POSITIVE_VOLUME,False,UNKNOWN
GENTS.IS,2020-03-11,2020,1,2020-03-11,2020-03-11,True,True,False,True,True,POST_FIRST_POSITIVE_VOLUME,False,UNKNOWN
GENTS.IS,2024-04-09,2024,1,2024-04-09,2024-04-09,True,True,False,True,True,POST_FIRST_POSITIVE_VOLUME,False,UNKNOWN
GENTS.IS,2026-05-27,2026,3,2026-05-27,2026-05-29,True,True,False,True,True,POST_FIRST_POSITIVE_VOLUME,True,LEGITIMATE_NO_TRADE / SUSPENSION
GENTS.IS,2026-05-28,2026,3,2026-05-27,2026-05-29,True,True,False,True,True,POST_FIRST_POSITIVE_VOLUME,True,LEGITIMATE_NO_TRADE / SUSPENSION
GENTS.IS,2026-05-29,2026,3,2026-05-27,2026-05-29,True,True,False,True,True,POST_FIRST_POSITIVE_VOLUME,True,LEGITIMATE_NO_TRADE / SUSPENSION
